ncols         1
nrows         50000
xllcorner     0
yllcorner     0
cellsize      16
NODATA_value  -9999
493 493 493 493
612 612 612 612
613 613 613 613
614 614 614 614
733 733 733 733
1181 1181 1181 1181
1300 1300 1300 1300
1420 1420 1420 1420
1421 1421 1421 1421
1422 1422 1422 1422
1459 1459 1459 1459
1460 1460 1460 1460
1461 1461 1461 1461
1472 1472 1472 1472
1473 1473 1473 1473
1474 1474 1474 1474
1475 1475 1475 1475
1476 1476 1476 1476
1477 1477 1477 1477
1478 1478 1478 1478
1479 1479 1479 1479
1480 1480 1480 1480
1539 1539 1539 1539
1540 1540 1540 1540
1541 1541 1541 1541
1542 1542 1542 1542
1543 1543 1543 1543
1577 1577 1577 1577
1578 1578 1578 1578
1579 1579 1579 1579
1580 1580 1580 1580
1581 1581 1581 1581
1582 1582 1582 1582
1583 1583 1583 1583
1584 1584 1584 1584
1585 1585 1585 1585
1586 1586 1586 1586
1587 1587 1587 1587
1588 1588 1588 1588
1589 1589 1589 1589
1590 1590 1590 1590
1591 1591 1591 1591
1592 1592 1592 1592
1593 1593 1593 1593
1594 1594 1594 1594
1595 1595 1595 1595
1596 1596 1596 1596
1597 1597 1597 1597
1598 1598 1598 1598
1599 1599 1599 1599
1600 1600 1600 1600
1601 1601 1601 1601
1602 1602 1602 1602
1603 1603 1603 1603
1658 1658 1658 1658
1659 1659 1659 1659
1660 1660 1660 1660
1661 1661 1661 1661
1662 1662 1662 1662
1663 1663 1663 1663
1697 1697 1697 1697
1698 1698 1698 1698
1699 1699 1699 1699
1700 1700 1700 1700
1701 1701 1701 1701
1702 1702 1702 1702
1703 1703 1703 1703
1704 1704 1704 1704
1705 1705 1705 1705
1706 1706 1706 1706
1707 1707 1707 1707
1708 1708 1708 1708
1709 1709 1709 1709
1710 1710 1710 1710
1711 1711 1711 1711
1712 1712 1712 1712
1713 1713 1713 1713
1714 1714 1714 1714
1715 1715 1715 1715
1716 1716 1716 1716
1717 1717 1717 1717
1718 1718 1718 1718
1719 1719 1719 1719
1720 1720 1720 1720
1721 1721 1721 1721
1722 1722 1722 1722
1723 1723 1723 1723
1778 1778 1778 1778
1780 1780 1780 1780
1781 1781 1781 1781
1782 1782 1782 1782
1816 1816 1816 1816
1817 1817 1817 1817
1818 1818 1818 1818
1819 1819 1819 1819
1820 1820 1820 1820
1821 1821 1821 1821
1822 1822 1822 1822
1823 1823 1823 1823
1824 1824 1824 1824
1825 1825 1825 1825
1826 1826 1826 1826
1827 1827 1827 1827
1828 1828 1828 1828
1829 1829 1829 1829
1830 1830 1830 1830
1831 1831 1831 1831
1832 1832 1832 1832
1833 1833 1833 1833
1834 1834 1834 1834
1835 1835 1835 1835
1836 1836 1836 1836
1837 1837 1837 1837
1838 1838 1838 1838
1839 1839 1839 1839
1840 1840 1840 1840
1841 1841 1841 1841
1842 1842 1842 1842
1843 1843 1843 1843
1897 1897 1897 1897
1898 1898 1898 1898
1899 1899 1899 1899
1934 1934 1934 1934
1936 1936 1936 1936
1937 1937 1937 1937
1938 1938 1938 1938
1939 1939 1939 1939
1940 1940 1940 1940
1941 1941 1941 1941
1942 1942 1942 1942
1943 1943 1943 1943
1944 1944 1944 1944
1945 1945 1945 1945
1946 1946 1946 1946
1947 1947 1947 1947
1948 1948 1948 1948
1949 1949 1949 1949
1950 1950 1950 1950
1951 1951 1951 1951
1952 1952 1952 1952
1953 1953 1953 1953
1954 1954 1954 1954
1955 1955 1955 1955
1956 1956 1956 1956
1957 1957 1957 1957
1958 1958 1958 1958
1959 1959 1959 1959
1960 1960 1960 1960
1961 1961 1961 1961
1962 1962 1962 1962
1963 1963 1963 1963
2016 2016 2016 2016
2017 2017 2017 2017
2018 2018 2018 2018
2019 2019 2019 2019
2020 2020 2020 2020
2054 2054 2054 2054
2055 2055 2055 2055
2056 2056 2056 2056
2057 2057 2057 2057
2058 2058 2058 2058
2059 2059 2059 2059
2060 2060 2060 2060
2061 2061 2061 2061
2062 2062 2062 2062
2063 2063 2063 2063
2064 2064 2064 2064
2065 2065 2065 2065
2066 2066 2066 2066
2067 2067 2067 2067
2068 2068 2068 2068
2069 2069 2069 2069
2070 2070 2070 2070
2071 2071 2071 2071
2072 2072 2072 2072
2073 2073 2073 2073
2074 2074 2074 2074
2075 2075 2075 2075
2076 2076 2076 2076
2077 2077 2077 2077
2078 2078 2078 2078
2079 2079 2079 2079
2080 2080 2080 2080
2081 2081 2081 2081
2082 2082 2082 2082
2083 2083 2083 2083
2084 2084 2084 2084
2085 2085 2085 2085
2136 2136 2136 2136
2137 2137 2137 2137
2138 2138 2138 2138
2172 2172 2172 2172
2173 2173 2173 2173
2174 2174 2174 2174
2175 2175 2175 2175
2176 2176 2176 2176
2177 2177 2177 2177
2178 2178 2178 2178
2179 2179 2179 2179
2180 2180 2180 2180
2181 2181 2181 2181
2182 2182 2182 2182
2183 2183 2183 2183
2184 2184 2184 2184
2185 2185 2185 2185
2186 2186 2186 2186
2187 2187 2187 2187
2188 2188 2188 2188
2189 2189 2189 2189
2190 2190 2190 2190
2191 2191 2191 2191
2192 2192 2192 2192
2193 2193 2193 2193
2194 2194 2194 2194
2195 2195 2195 2195
2196 2196 2196 2196
2197 2197 2197 2197
2198 2198 2198 2198
2199 2199 2199 2199
2200 2200 2200 2200
2201 2201 2201 2201
2202 2202 2202 2202
2203 2203 2203 2203
2204 2204 2204 2204
2205 2205 2205 2205
2206 2206 2206 2206
2207 2207 2207 2207
2258 2258 2258 2258
2292 2292 2292 2292
2293 2293 2293 2293
2294 2294 2294 2294
2295 2295 2295 2295
2296 2296 2296 2296
2297 2297 2297 2297
2298 2298 2298 2298
2299 2299 2299 2299
2300 2300 2300 2300
2301 2301 2301 2301
2302 2302 2302 2302
2303 2303 2303 2303
2304 2304 2304 2304
2305 2305 2305 2305
2306 2306 2306 2306
2307 2307 2307 2307
2308 2308 2308 2308
2309 2309 2309 2309
2310 2310 2310 2310
2311 2311 2311 2311
2312 2312 2312 2312
2313 2313 2313 2313
2314 2314 2314 2314
2315 2315 2315 2315
2316 2316 2316 2316
2317 2317 2317 2317
2318 2318 2318 2318
2319 2319 2319 2319
2320 2320 2320 2320
2321 2321 2321 2321
2322 2322 2322 2322
2323 2323 2323 2323
2324 2324 2324 2324
2325 2325 2325 2325
2326 2326 2326 2326
2327 2327 2327 2327
2328 2328 2328 2328
2375 2375 2375 2375
2376 2376 2376 2376
2377 2377 2377 2377
2412 2412 2412 2412
2413 2413 2413 2413
2414 2414 2414 2414
2415 2415 2415 2415
2416 2416 2416 2416
2417 2417 2417 2417
2418 2418 2418 2418
2419 2419 2419 2419
2420 2420 2420 2420
2421 2421 2421 2421
2422 2422 2422 2422
2423 2423 2423 2423
2424 2424 2424 2424
2425 2425 2425 2425
2426 2426 2426 2426
2427 2427 2427 2427
2428 2428 2428 2428
2429 2429 2429 2429
2430 2430 2430 2430
2431 2431 2431 2431
2432 2432 2432 2432
2433 2433 2433 2433
2434 2434 2434 2434
2435 2435 2435 2435
2436 2436 2436 2436
2437 2437 2437 2437
2438 2438 2438 2438
2439 2439 2439 2439
2440 2440 2440 2440
2441 2441 2441 2441
2442 2442 2442 2442
2443 2443 2443 2443
2444 2444 2444 2444
2445 2445 2445 2445
2446 2446 2446 2446
2447 2447 2447 2447
2448 2448 2448 2448
2449 2449 2449 2449
2495 2495 2495 2495
2496 2496 2496 2496
2497 2497 2497 2497
2530 2530 2530 2530
2531 2531 2531 2531
2532 2532 2532 2532
2533 2533 2533 2533
2534 2534 2534 2534
2535 2535 2535 2535
2536 2536 2536 2536
2537 2537 2537 2537
2538 2538 2538 2538
2539 2539 2539 2539
2540 2540 2540 2540
2541 2541 2541 2541
2542 2542 2542 2542
2543 2543 2543 2543
2544 2544 2544 2544
2545 2545 2545 2545
2546 2546 2546 2546
2547 2547 2547 2547
2548 2548 2548 2548
2549 2549 2549 2549
2550 2550 2550 2550
2551 2551 2551 2551
2552 2552 2552 2552
2553 2553 2553 2553
2554 2554 2554 2554
2555 2555 2555 2555
2556 2556 2556 2556
2557 2557 2557 2557
2558 2558 2558 2558
2559 2559 2559 2559
2560 2560 2560 2560
2561 2561 2561 2561
2562 2562 2562 2562
2563 2563 2563 2563
2564 2564 2564 2564
2565 2565 2565 2565
2566 2566 2566 2566
2567 2567 2567 2567
2568 2568 2568 2568
2569 2569 2569 2569
2613 2613 2613 2613
2614 2614 2614 2614
2615 2615 2615 2615
2616 2616 2616 2616
2617 2617 2617 2617
2651 2651 2651 2651
2652 2652 2652 2652
2653 2653 2653 2653
2654 2654 2654 2654
2655 2655 2655 2655
2656 2656 2656 2656
2657 2657 2657 2657
2658 2658 2658 2658
2659 2659 2659 2659
2660 2660 2660 2660
2661 2661 2661 2661
2662 2662 2662 2662
2663 2663 2663 2663
2664 2664 2664 2664
2665 2665 2665 2665
2666 2666 2666 2666
2667 2667 2667 2667
2668 2668 2668 2668
2669 2669 2669 2669
2670 2670 2670 2670
2671 2671 2671 2671
2672 2672 2672 2672
2673 2673 2673 2673
2674 2674 2674 2674
2675 2675 2675 2675
2676 2676 2676 2676
2677 2677 2677 2677
2678 2678 2678 2678
2679 2679 2679 2679
2680 2680 2680 2680
2681 2681 2681 2681
2682 2682 2682 2682
2683 2683 2683 2683
2684 2684 2684 2684
2685 2685 2685 2685
2686 2686 2686 2686
2687 2687 2687 2687
2688 2688 2688 2688
2689 2689 2689 2689
2690 2690 2690 2690
2734 2734 2734 2734
2735 2735 2735 2735
2736 2736 2736 2736
2737 2737 2737 2737
2771 2771 2771 2771
2772 2772 2772 2772
2773 2773 2773 2773
2774 2774 2774 2774
2775 2775 2775 2775
2776 2776 2776 2776
2777 2777 2777 2777
2778 2778 2778 2778
2779 2779 2779 2779
2780 2780 2780 2780
2781 2781 2781 2781
2782 2782 2782 2782
2783 2783 2783 2783
2784 2784 2784 2784
2785 2785 2785 2785
2786 2786 2786 2786
2787 2787 2787 2787
2788 2788 2788 2788
2789 2789 2789 2789
2790 2790 2790 2790
2791 2791 2791 2791
2792 2792 2792 2792
2793 2793 2793 2793
2794 2794 2794 2794
2795 2795 2795 2795
2796 2796 2796 2796
2797 2797 2797 2797
2798 2798 2798 2798
2799 2799 2799 2799
2800 2800 2800 2800
2801 2801 2801 2801
2802 2802 2802 2802
2803 2803 2803 2803
2804 2804 2804 2804
2805 2805 2805 2805
2806 2806 2806 2806
2807 2807 2807 2807
2808 2808 2808 2808
2809 2809 2809 2809
2810 2810 2810 2810
2811 2811 2811 2811
2846 2846 2846 2846
2847 2847 2847 2847
2848 2848 2848 2848
2849 2849 2849 2849
2850 2850 2850 2850
2851 2851 2851 2851
2852 2852 2852 2852
2853 2853 2853 2853
2856 2856 2856 2856
2857 2857 2857 2857
2891 2891 2891 2891
2892 2892 2892 2892
2893 2893 2893 2893
2894 2894 2894 2894
2895 2895 2895 2895
2896 2896 2896 2896
2897 2897 2897 2897
2898 2898 2898 2898
2899 2899 2899 2899
2900 2900 2900 2900
2901 2901 2901 2901
2902 2902 2902 2902
2903 2903 2903 2903
2904 2904 2904 2904
2905 2905 2905 2905
2906 2906 2906 2906
2907 2907 2907 2907
2908 2908 2908 2908
2909 2909 2909 2909
2910 2910 2910 2910
2911 2911 2911 2911
2912 2912 2912 2912
2913 2913 2913 2913
2914 2914 2914 2914
2915 2915 2915 2915
2916 2916 2916 2916
2917 2917 2917 2917
2918 2918 2918 2918
2919 2919 2919 2919
2920 2920 2920 2920
2921 2921 2921 2921
2922 2922 2922 2922
2923 2923 2923 2923
2924 2924 2924 2924
2925 2925 2925 2925
2926 2926 2926 2926
2927 2927 2927 2927
2928 2928 2928 2928
2929 2929 2929 2929
2930 2930 2930 2930
2931 2931 2931 2931
2932 2932 2932 2932
2953 2953 2953 2953
2954 2954 2954 2954
2955 2955 2955 2955
2956 2956 2956 2956
2962 2962 2962 2962
2963 2963 2963 2963
2964 2964 2964 2964
2965 2965 2965 2965
2966 2966 2966 2966
2967 2967 2967 2967
2968 2968 2968 2968
2969 2969 2969 2969
2970 2970 2970 2970
2971 2971 2971 2971
2972 2972 2972 2972
2973 2973 2973 2973
2974 2974 2974 2974
2975 2975 2975 2975
3012 3012 3012 3012
3013 3013 3013 3013
3014 3014 3014 3014
3015 3015 3015 3015
3016 3016 3016 3016
3017 3017 3017 3017
3018 3018 3018 3018
3019 3019 3019 3019
3020 3020 3020 3020
3021 3021 3021 3021
3022 3022 3022 3022
3023 3023 3023 3023
3024 3024 3024 3024
3025 3025 3025 3025
3026 3026 3026 3026
3027 3027 3027 3027
3028 3028 3028 3028
3029 3029 3029 3029
3030 3030 3030 3030
3031 3031 3031 3031
3032 3032 3032 3032
3033 3033 3033 3033
3034 3034 3034 3034
3035 3035 3035 3035
3036 3036 3036 3036
3037 3037 3037 3037
3038 3038 3038 3038
3039 3039 3039 3039
3040 3040 3040 3040
3041 3041 3041 3041
3042 3042 3042 3042
3043 3043 3043 3043
3044 3044 3044 3044
3045 3045 3045 3045
3046 3046 3046 3046
3047 3047 3047 3047
3048 3048 3048 3048
3049 3049 3049 3049
3050 3050 3050 3050
3051 3051 3051 3051
3052 3052 3052 3052
3053 3053 3053 3053
3072 3072 3072 3072
3073 3073 3073 3073
3074 3074 3074 3074
3075 3075 3075 3075
3076 3076 3076 3076
3077 3077 3077 3077
3078 3078 3078 3078
3079 3079 3079 3079
3080 3080 3080 3080
3081 3081 3081 3081
3085 3085 3085 3085
3086 3086 3086 3086
3087 3087 3087 3087
3088 3088 3088 3088
3089 3089 3089 3089
3090 3090 3090 3090
3091 3091 3091 3091
3092 3092 3092 3092
3093 3093 3093 3093
3094 3094 3094 3094
3095 3095 3095 3095
3096 3096 3096 3096
3097 3097 3097 3097
3098 3098 3098 3098
3132 3132 3132 3132
3133 3133 3133 3133
3134 3134 3134 3134
3135 3135 3135 3135
3136 3136 3136 3136
3137 3137 3137 3137
3138 3138 3138 3138
3139 3139 3139 3139
3140 3140 3140 3140
3141 3141 3141 3141
3142 3142 3142 3142
3143 3143 3143 3143
3144 3144 3144 3144
3145 3145 3145 3145
3146 3146 3146 3146
3147 3147 3147 3147
3148 3148 3148 3148
3149 3149 3149 3149
3150 3150 3150 3150
3151 3151 3151 3151
3152 3152 3152 3152
3153 3153 3153 3153
3154 3154 3154 3154
3155 3155 3155 3155
3156 3156 3156 3156
3157 3157 3157 3157
3158 3158 3158 3158
3159 3159 3159 3159
3160 3160 3160 3160
3161 3161 3161 3161
3162 3162 3162 3162
3163 3163 3163 3163
3164 3164 3164 3164
3165 3165 3165 3165
3166 3166 3166 3166
3167 3167 3167 3167
3168 3168 3168 3168
3169 3169 3169 3169
3170 3170 3170 3170
3171 3171 3171 3171
3172 3172 3172 3172
3173 3173 3173 3173
3174 3174 3174 3174
3175 3175 3175 3175
3190 3190 3190 3190
3191 3191 3191 3191
3192 3192 3192 3192
3193 3193 3193 3193
3194 3194 3194 3194
3195 3195 3195 3195
3196 3196 3196 3196
3197 3197 3197 3197
3198 3198 3198 3198
3199 3199 3199 3199
3200 3200 3200 3200
3201 3201 3201 3201
3202 3202 3202 3202
3203 3203 3203 3203
3204 3204 3204 3204
3207 3207 3207 3207
3208 3208 3208 3208
3209 3209 3209 3209
3210 3210 3210 3210
3211 3211 3211 3211
3212 3212 3212 3212
3213 3213 3213 3213
3214 3214 3214 3214
3215 3215 3215 3215
3216 3216 3216 3216
3217 3217 3217 3217
3218 3218 3218 3218
3252 3252 3252 3252
3253 3253 3253 3253
3254 3254 3254 3254
3255 3255 3255 3255
3256 3256 3256 3256
3257 3257 3257 3257
3258 3258 3258 3258
3259 3259 3259 3259
3260 3260 3260 3260
3261 3261 3261 3261
3262 3262 3262 3262
3263 3263 3263 3263
3264 3264 3264 3264
3265 3265 3265 3265
3266 3266 3266 3266
3267 3267 3267 3267
3268 3268 3268 3268
3269 3269 3269 3269
3270 3270 3270 3270
3271 3271 3271 3271
3272 3272 3272 3272
3273 3273 3273 3273
3274 3274 3274 3274
3275 3275 3275 3275
3276 3276 3276 3276
3277 3277 3277 3277
3278 3278 3278 3278
3279 3279 3279 3279
3280 3280 3280 3280
3281 3281 3281 3281
3282 3282 3282 3282
3283 3283 3283 3283
3284 3284 3284 3284
3285 3285 3285 3285
3286 3286 3286 3286
3287 3287 3287 3287
3288 3288 3288 3288
3289 3289 3289 3289
3290 3290 3290 3290
3291 3291 3291 3291
3292 3292 3292 3292
3293 3293 3293 3293
3294 3294 3294 3294
3295 3295 3295 3295
3296 3296 3296 3296
3309 3309 3309 3309
3310 3310 3310 3310
3311 3311 3311 3311
3312 3312 3312 3312
3313 3313 3313 3313
3314 3314 3314 3314
3315 3315 3315 3315
3316 3316 3316 3316
3317 3317 3317 3317
3318 3318 3318 3318
3319 3319 3319 3319
3320 3320 3320 3320
3321 3321 3321 3321
3322 3322 3322 3322
3323 3323 3323 3323
3324 3324 3324 3324
3325 3325 3325 3325
3326 3326 3326 3326
3327 3327 3327 3327
3331 3331 3331 3331
3332 3332 3332 3332
3333 3333 3333 3333
3334 3334 3334 3334
3335 3335 3335 3335
3336 3336 3336 3336
3337 3337 3337 3337
3338 3338 3338 3338
3373 3373 3373 3373
3374 3374 3374 3374
3375 3375 3375 3375
3376 3376 3376 3376
3377 3377 3377 3377
3378 3378 3378 3378
3379 3379 3379 3379
3380 3380 3380 3380
3381 3381 3381 3381
3382 3382 3382 3382
3383 3383 3383 3383
3384 3384 3384 3384
3385 3385 3385 3385
3386 3386 3386 3386
3387 3387 3387 3387
3388 3388 3388 3388
3389 3389 3389 3389
3390 3390 3390 3390
3391 3391 3391 3391
3392 3392 3392 3392
3393 3393 3393 3393
3394 3394 3394 3394
3395 3395 3395 3395
3396 3396 3396 3396
3397 3397 3397 3397
3398 3398 3398 3398
3399 3399 3399 3399
3400 3400 3400 3400
3401 3401 3401 3401
3402 3402 3402 3402
3403 3403 3403 3403
3404 3404 3404 3404
3405 3405 3405 3405
3406 3406 3406 3406
3407 3407 3407 3407
3408 3408 3408 3408
3409 3409 3409 3409
3410 3410 3410 3410
3411 3411 3411 3411
3412 3412 3412 3412
3413 3413 3413 3413
3414 3414 3414 3414
3415 3415 3415 3415
3416 3416 3416 3416
3417 3417 3417 3417
3418 3418 3418 3418
3430 3430 3430 3430
3431 3431 3431 3431
3432 3432 3432 3432
3433 3433 3433 3433
3434 3434 3434 3434
3435 3435 3435 3435
3436 3436 3436 3436
3437 3437 3437 3437
3438 3438 3438 3438
3439 3439 3439 3439
3440 3440 3440 3440
3441 3441 3441 3441
3442 3442 3442 3442
3443 3443 3443 3443
3444 3444 3444 3444
3445 3445 3445 3445
3446 3446 3446 3446
3447 3447 3447 3447
3448 3448 3448 3448
3449 3449 3449 3449
3450 3450 3450 3450
3455 3455 3455 3455
3456 3456 3456 3456
3457 3457 3457 3457
3493 3493 3493 3493
3494 3494 3494 3494
3495 3495 3495 3495
3496 3496 3496 3496
3497 3497 3497 3497
3498 3498 3498 3498
3499 3499 3499 3499
3500 3500 3500 3500
3501 3501 3501 3501
3502 3502 3502 3502
3503 3503 3503 3503
3504 3504 3504 3504
3505 3505 3505 3505
3506 3506 3506 3506
3507 3507 3507 3507
3508 3508 3508 3508
3509 3509 3509 3509
3510 3510 3510 3510
3511 3511 3511 3511
3512 3512 3512 3512
3513 3513 3513 3513
3514 3514 3514 3514
3515 3515 3515 3515
3516 3516 3516 3516
3517 3517 3517 3517
3518 3518 3518 3518
3519 3519 3519 3519
3520 3520 3520 3520
3521 3521 3521 3521
3522 3522 3522 3522
3523 3523 3523 3523
3524 3524 3524 3524
3525 3525 3525 3525
3526 3526 3526 3526
3527 3527 3527 3527
3528 3528 3528 3528
3529 3529 3529 3529
3530 3530 3530 3530
3531 3531 3531 3531
3532 3532 3532 3532
3533 3533 3533 3533
3534 3534 3534 3534
3535 3535 3535 3535
3536 3536 3536 3536
3537 3537 3537 3537
3538 3538 3538 3538
3539 3539 3539 3539
3548 3548 3548 3548
3549 3549 3549 3549
3550 3550 3550 3550
3552 3552 3552 3552
3553 3553 3553 3553
3554 3554 3554 3554
3555 3555 3555 3555
3556 3556 3556 3556
3557 3557 3557 3557
3558 3558 3558 3558
3559 3559 3559 3559
3560 3560 3560 3560
3561 3561 3561 3561
3562 3562 3562 3562
3563 3563 3563 3563
3564 3564 3564 3564
3565 3565 3565 3565
3566 3566 3566 3566
3567 3567 3567 3567
3568 3568 3568 3568
3569 3569 3569 3569
3570 3570 3570 3570
3571 3571 3571 3571
3572 3572 3572 3572
3573 3573 3573 3573
3574 3574 3574 3574
3614 3614 3614 3614
3615 3615 3615 3615
3616 3616 3616 3616
3617 3617 3617 3617
3618 3618 3618 3618
3619 3619 3619 3619
3620 3620 3620 3620
3621 3621 3621 3621
3622 3622 3622 3622
3623 3623 3623 3623
3624 3624 3624 3624
3625 3625 3625 3625
3626 3626 3626 3626
3627 3627 3627 3627
3628 3628 3628 3628
3629 3629 3629 3629
3630 3630 3630 3630
3631 3631 3631 3631
3632 3632 3632 3632
3633 3633 3633 3633
3634 3634 3634 3634
3635 3635 3635 3635
3636 3636 3636 3636
3637 3637 3637 3637
3638 3638 3638 3638
3639 3639 3639 3639
3640 3640 3640 3640
3641 3641 3641 3641
3642 3642 3642 3642
3643 3643 3643 3643
3644 3644 3644 3644
3645 3645 3645 3645
3646 3646 3646 3646
3647 3647 3647 3647
3648 3648 3648 3648
3649 3649 3649 3649
3650 3650 3650 3650
3651 3651 3651 3651
3652 3652 3652 3652
3653 3653 3653 3653
3654 3654 3654 3654
3655 3655 3655 3655
3656 3656 3656 3656
3657 3657 3657 3657
3658 3658 3658 3658
3659 3659 3659 3659
3668 3668 3668 3668
3669 3669 3669 3669
3670 3670 3670 3670
3671 3671 3671 3671
3676 3676 3676 3676
3677 3677 3677 3677
3678 3678 3678 3678
3679 3679 3679 3679
3680 3680 3680 3680
3681 3681 3681 3681
3682 3682 3682 3682
3683 3683 3683 3683
3684 3684 3684 3684
3685 3685 3685 3685
3686 3686 3686 3686
3687 3687 3687 3687
3688 3688 3688 3688
3689 3689 3689 3689
3690 3690 3690 3690
3691 3691 3691 3691
3692 3692 3692 3692
3693 3693 3693 3693
3694 3694 3694 3694
3695 3695 3695 3695
3696 3696 3696 3696
3697 3697 3697 3697
3734 3734 3734 3734
3735 3735 3735 3735
3736 3736 3736 3736
3737 3737 3737 3737
3738 3738 3738 3738
3739 3739 3739 3739
3740 3740 3740 3740
3741 3741 3741 3741
3742 3742 3742 3742
3743 3743 3743 3743
3744 3744 3744 3744
3745 3745 3745 3745
3746 3746 3746 3746
3747 3747 3747 3747
3748 3748 3748 3748
3749 3749 3749 3749
3750 3750 3750 3750
3751 3751 3751 3751
3752 3752 3752 3752
3753 3753 3753 3753
3754 3754 3754 3754
3755 3755 3755 3755
3756 3756 3756 3756
3757 3757 3757 3757
3758 3758 3758 3758
3759 3759 3759 3759
3760 3760 3760 3760
3761 3761 3761 3761
3762 3762 3762 3762
3763 3763 3763 3763
3764 3764 3764 3764
3765 3765 3765 3765
3766 3766 3766 3766
3767 3767 3767 3767
3768 3768 3768 3768
3769 3769 3769 3769
3770 3770 3770 3770
3771 3771 3771 3771
3772 3772 3772 3772
3773 3773 3773 3773
3774 3774 3774 3774
3775 3775 3775 3775
3776 3776 3776 3776
3777 3777 3777 3777
3778 3778 3778 3778
3779 3779 3779 3779
3787 3787 3787 3787
3788 3788 3788 3788
3789 3789 3789 3789
3790 3790 3790 3790
3791 3791 3791 3791
3792 3792 3792 3792
3793 3793 3793 3793
3794 3794 3794 3794
3795 3795 3795 3795
3799 3799 3799 3799
3800 3800 3800 3800
3801 3801 3801 3801
3802 3802 3802 3802
3803 3803 3803 3803
3804 3804 3804 3804
3805 3805 3805 3805
3806 3806 3806 3806
3807 3807 3807 3807
3808 3808 3808 3808
3809 3809 3809 3809
3810 3810 3810 3810
3811 3811 3811 3811
3812 3812 3812 3812
3813 3813 3813 3813
3814 3814 3814 3814
3815 3815 3815 3815
3816 3816 3816 3816
3817 3817 3817 3817
3818 3818 3818 3818
3854 3854 3854 3854
3855 3855 3855 3855
3856 3856 3856 3856
3857 3857 3857 3857
3858 3858 3858 3858
3859 3859 3859 3859
3860 3860 3860 3860
3861 3861 3861 3861
3862 3862 3862 3862
3863 3863 3863 3863
3864 3864 3864 3864
3865 3865 3865 3865
3866 3866 3866 3866
3867 3867 3867 3867
3868 3868 3868 3868
3869 3869 3869 3869
3870 3870 3870 3870
3871 3871 3871 3871
3872 3872 3872 3872
3873 3873 3873 3873
3874 3874 3874 3874
3875 3875 3875 3875
3876 3876 3876 3876
3877 3877 3877 3877
3878 3878 3878 3878
3879 3879 3879 3879
3880 3880 3880 3880
3881 3881 3881 3881
3882 3882 3882 3882
3883 3883 3883 3883
3884 3884 3884 3884
3885 3885 3885 3885
3886 3886 3886 3886
3887 3887 3887 3887
3888 3888 3888 3888
3889 3889 3889 3889
3890 3890 3890 3890
3891 3891 3891 3891
3892 3892 3892 3892
3893 3893 3893 3893
3894 3894 3894 3894
3895 3895 3895 3895
3896 3896 3896 3896
3897 3897 3897 3897
3898 3898 3898 3898
3899 3899 3899 3899
3900 3900 3900 3900
3901 3901 3901 3901
3902 3902 3902 3902
3903 3903 3903 3903
3904 3904 3904 3904
3905 3905 3905 3905
3906 3906 3906 3906
3907 3907 3907 3907
3908 3908 3908 3908
3909 3909 3909 3909
3910 3910 3910 3910
3911 3911 3911 3911
3912 3912 3912 3912
3913 3913 3913 3913
3914 3914 3914 3914
3915 3915 3915 3915
3916 3916 3916 3916
3917 3917 3917 3917
3918 3918 3918 3918
3923 3923 3923 3923
3924 3924 3924 3924
3925 3925 3925 3925
3926 3926 3926 3926
3927 3927 3927 3927
3928 3928 3928 3928
3929 3929 3929 3929
3930 3930 3930 3930
3931 3931 3931 3931
3932 3932 3932 3932
3933 3933 3933 3933
3934 3934 3934 3934
3935 3935 3935 3935
3936 3936 3936 3936
3937 3937 3937 3937
3938 3938 3938 3938
3939 3939 3939 3939
3975 3975 3975 3975
3976 3976 3976 3976
3977 3977 3977 3977
3978 3978 3978 3978
3979 3979 3979 3979
3980 3980 3980 3980
3981 3981 3981 3981
3982 3982 3982 3982
3983 3983 3983 3983
3984 3984 3984 3984
3985 3985 3985 3985
3986 3986 3986 3986
3987 3987 3987 3987
3988 3988 3988 3988
3989 3989 3989 3989
3990 3990 3990 3990
3991 3991 3991 3991
3992 3992 3992 3992
3993 3993 3993 3993
3994 3994 3994 3994
3995 3995 3995 3995
3996 3996 3996 3996
3997 3997 3997 3997
3998 3998 3998 3998
3999 3999 3999 3999
4000 4000 4000 4000
4001 4001 4001 4001
4002 4002 4002 4002
4003 4003 4003 4003
4004 4004 4004 4004
4005 4005 4005 4005
4006 4006 4006 4006
4007 4007 4007 4007
4008 4008 4008 4008
4009 4009 4009 4009
4010 4010 4010 4010
4011 4011 4011 4011
4012 4012 4012 4012
4013 4013 4013 4013
4014 4014 4014 4014
4015 4015 4015 4015
4016 4016 4016 4016
4017 4017 4017 4017
4018 4018 4018 4018
4019 4019 4019 4019
4020 4020 4020 4020
4021 4021 4021 4021
4022 4022 4022 4022
4023 4023 4023 4023
4024 4024 4024 4024
4025 4025 4025 4025
4026 4026 4026 4026
4027 4027 4027 4027
4028 4028 4028 4028
4029 4029 4029 4029
4030 4030 4030 4030
4031 4031 4031 4031
4032 4032 4032 4032
4033 4033 4033 4033
4034 4034 4034 4034
4035 4035 4035 4035
4036 4036 4036 4036
4037 4037 4037 4037
4038 4038 4038 4038
4039 4039 4039 4039
4040 4040 4040 4040
4041 4041 4041 4041
4042 4042 4042 4042
4049 4049 4049 4049
4050 4050 4050 4050
4051 4051 4051 4051
4052 4052 4052 4052
4053 4053 4053 4053
4054 4054 4054 4054
4055 4055 4055 4055
4056 4056 4056 4056
4057 4057 4057 4057
4058 4058 4058 4058
4059 4059 4059 4059
4095 4095 4095 4095
4096 4096 4096 4096
4097 4097 4097 4097
4098 4098 4098 4098
4099 4099 4099 4099
4100 4100 4100 4100
4101 4101 4101 4101
4102 4102 4102 4102
4103 4103 4103 4103
4104 4104 4104 4104
4105 4105 4105 4105
4106 4106 4106 4106
4107 4107 4107 4107
4108 4108 4108 4108
4109 4109 4109 4109
4110 4110 4110 4110
4111 4111 4111 4111
4112 4112 4112 4112
4113 4113 4113 4113
4114 4114 4114 4114
4115 4115 4115 4115
4116 4116 4116 4116
4117 4117 4117 4117
4118 4118 4118 4118
4119 4119 4119 4119
4120 4120 4120 4120
4121 4121 4121 4121
4122 4122 4122 4122
4123 4123 4123 4123
4124 4124 4124 4124
4125 4125 4125 4125
4126 4126 4126 4126
4127 4127 4127 4127
4128 4128 4128 4128
4129 4129 4129 4129
4130 4130 4130 4130
4131 4131 4131 4131
4132 4132 4132 4132
4133 4133 4133 4133
4134 4134 4134 4134
4135 4135 4135 4135
4136 4136 4136 4136
4137 4137 4137 4137
4138 4138 4138 4138
4139 4139 4139 4139
4140 4140 4140 4140
4141 4141 4141 4141
4142 4142 4142 4142
4143 4143 4143 4143
4144 4144 4144 4144
4145 4145 4145 4145
4146 4146 4146 4146
4147 4147 4147 4147
4148 4148 4148 4148
4149 4149 4149 4149
4150 4150 4150 4150
4151 4151 4151 4151
4152 4152 4152 4152
4153 4153 4153 4153
4154 4154 4154 4154
4155 4155 4155 4155
4156 4156 4156 4156
4157 4157 4157 4157
4158 4158 4158 4158
4159 4159 4159 4159
4160 4160 4160 4160
4161 4161 4161 4161
4162 4162 4162 4162
4163 4163 4163 4163
4164 4164 4164 4164
4165 4165 4165 4165
4166 4166 4166 4166
4167 4167 4167 4167
4168 4168 4168 4168
4177 4177 4177 4177
4178 4178 4178 4178
4179 4179 4179 4179
4180 4180 4180 4180
4181 4181 4181 4181
4182 4182 4182 4182
4183 4183 4183 4183
4184 4184 4184 4184
4215 4215 4215 4215
4216 4216 4216 4216
4217 4217 4217 4217
4218 4218 4218 4218
4219 4219 4219 4219
4220 4220 4220 4220
4221 4221 4221 4221
4222 4222 4222 4222
4223 4223 4223 4223
4224 4224 4224 4224
4225 4225 4225 4225
4226 4226 4226 4226
4227 4227 4227 4227
4228 4228 4228 4228
4229 4229 4229 4229
4230 4230 4230 4230
4231 4231 4231 4231
4232 4232 4232 4232
4233 4233 4233 4233
4234 4234 4234 4234
4235 4235 4235 4235
4236 4236 4236 4236
4237 4237 4237 4237
4238 4238 4238 4238
4239 4239 4239 4239
4240 4240 4240 4240
4241 4241 4241 4241
4242 4242 4242 4242
4243 4243 4243 4243
4244 4244 4244 4244
4245 4245 4245 4245
4246 4246 4246 4246
4247 4247 4247 4247
4248 4248 4248 4248
4249 4249 4249 4249
4250 4250 4250 4250
4251 4251 4251 4251
4252 4252 4252 4252
4253 4253 4253 4253
4254 4254 4254 4254
4255 4255 4255 4255
4256 4256 4256 4256
4257 4257 4257 4257
4258 4258 4258 4258
4259 4259 4259 4259
4260 4260 4260 4260
4261 4261 4261 4261
4262 4262 4262 4262
4263 4263 4263 4263
4264 4264 4264 4264
4265 4265 4265 4265
4266 4266 4266 4266
4267 4267 4267 4267
4268 4268 4268 4268
4269 4269 4269 4269
4270 4270 4270 4270
4271 4271 4271 4271
4272 4272 4272 4272
4273 4273 4273 4273
4274 4274 4274 4274
4275 4275 4275 4275
4276 4276 4276 4276
4277 4277 4277 4277
4278 4278 4278 4278
4279 4279 4279 4279
4280 4280 4280 4280
4281 4281 4281 4281
4282 4282 4282 4282
4283 4283 4283 4283
4284 4284 4284 4284
4285 4285 4285 4285
4286 4286 4286 4286
4287 4287 4287 4287
4288 4288 4288 4288
4289 4289 4289 4289
4290 4290 4290 4290
4291 4291 4291 4291
4292 4292 4292 4292
4293 4293 4293 4293
4294 4294 4294 4294
4295 4295 4295 4295
4296 4296 4296 4296
4336 4336 4336 4336
4337 4337 4337 4337
4338 4338 4338 4338
4339 4339 4339 4339
4340 4340 4340 4340
4341 4341 4341 4341
4342 4342 4342 4342
4343 4343 4343 4343
4344 4344 4344 4344
4345 4345 4345 4345
4346 4346 4346 4346
4347 4347 4347 4347
4348 4348 4348 4348
4349 4349 4349 4349
4350 4350 4350 4350
4351 4351 4351 4351
4352 4352 4352 4352
4353 4353 4353 4353
4354 4354 4354 4354
4355 4355 4355 4355
4356 4356 4356 4356
4357 4357 4357 4357
4358 4358 4358 4358
4359 4359 4359 4359
4360 4360 4360 4360
4361 4361 4361 4361
4362 4362 4362 4362
4363 4363 4363 4363
4364 4364 4364 4364
4365 4365 4365 4365
4366 4366 4366 4366
4367 4367 4367 4367
4368 4368 4368 4368
4369 4369 4369 4369
4370 4370 4370 4370
4371 4371 4371 4371
4372 4372 4372 4372
4373 4373 4373 4373
4374 4374 4374 4374
4375 4375 4375 4375
4376 4376 4376 4376
4377 4377 4377 4377
4378 4378 4378 4378
4379 4379 4379 4379
4380 4380 4380 4380
4381 4381 4381 4381
4382 4382 4382 4382
4383 4383 4383 4383
4384 4384 4384 4384
4385 4385 4385 4385
4386 4386 4386 4386
4387 4387 4387 4387
4388 4388 4388 4388
4389 4389 4389 4389
4390 4390 4390 4390
4391 4391 4391 4391
4392 4392 4392 4392
4393 4393 4393 4393
4394 4394 4394 4394
4395 4395 4395 4395
4396 4396 4396 4396
4397 4397 4397 4397
4398 4398 4398 4398
4399 4399 4399 4399
4400 4400 4400 4400
4401 4401 4401 4401
4402 4402 4402 4402
4403 4403 4403 4403
4404 4404 4404 4404
4405 4405 4405 4405
4406 4406 4406 4406
4407 4407 4407 4407
4408 4408 4408 4408
4409 4409 4409 4409
4410 4410 4410 4410
4411 4411 4411 4411
4412 4412 4412 4412
4413 4413 4413 4413
4414 4414 4414 4414
4415 4415 4415 4415
4416 4416 4416 4416
4417 4417 4417 4417
4418 4418 4418 4418
4419 4419 4419 4419
4420 4420 4420 4420
4421 4421 4421 4421
4422 4422 4422 4422
4423 4423 4423 4423
4424 4424 4424 4424
4425 4425 4425 4425
4426 4426 4426 4426
4427 4427 4427 4427
4456 4456 4456 4456
4457 4457 4457 4457
4458 4458 4458 4458
4459 4459 4459 4459
4460 4460 4460 4460
4461 4461 4461 4461
4462 4462 4462 4462
4463 4463 4463 4463
4464 4464 4464 4464
4465 4465 4465 4465
4466 4466 4466 4466
4467 4467 4467 4467
4468 4468 4468 4468
4469 4469 4469 4469
4470 4470 4470 4470
4471 4471 4471 4471
4472 4472 4472 4472
4473 4473 4473 4473
4474 4474 4474 4474
4475 4475 4475 4475
4476 4476 4476 4476
4477 4477 4477 4477
4478 4478 4478 4478
4479 4479 4479 4479
4480 4480 4480 4480
4481 4481 4481 4481
4482 4482 4482 4482
4483 4483 4483 4483
4484 4484 4484 4484
4485 4485 4485 4485
4486 4486 4486 4486
4487 4487 4487 4487
4488 4488 4488 4488
4489 4489 4489 4489
4490 4490 4490 4490
4491 4491 4491 4491
4492 4492 4492 4492
4493 4493 4493 4493
4494 4494 4494 4494
4495 4495 4495 4495
4496 4496 4496 4496
4497 4497 4497 4497
4498 4498 4498 4498
4499 4499 4499 4499
4500 4500 4500 4500
4501 4501 4501 4501
4502 4502 4502 4502
4503 4503 4503 4503
4504 4504 4504 4504
4505 4505 4505 4505
4506 4506 4506 4506
4507 4507 4507 4507
4508 4508 4508 4508
4509 4509 4509 4509
4510 4510 4510 4510
4511 4511 4511 4511
4512 4512 4512 4512
4513 4513 4513 4513
4514 4514 4514 4514
4515 4515 4515 4515
4516 4516 4516 4516
4517 4517 4517 4517
4518 4518 4518 4518
4519 4519 4519 4519
4520 4520 4520 4520
4521 4521 4521 4521
4522 4522 4522 4522
4523 4523 4523 4523
4524 4524 4524 4524
4525 4525 4525 4525
4526 4526 4526 4526
4527 4527 4527 4527
4528 4528 4528 4528
4529 4529 4529 4529
4530 4530 4530 4530
4531 4531 4531 4531
4532 4532 4532 4532
4533 4533 4533 4533
4534 4534 4534 4534
4535 4535 4535 4535
4536 4536 4536 4536
4537 4537 4537 4537
4538 4538 4538 4538
4539 4539 4539 4539
4540 4540 4540 4540
4541 4541 4541 4541
4542 4542 4542 4542
4543 4543 4543 4543
4544 4544 4544 4544
4545 4545 4545 4545
4546 4546 4546 4546
4547 4547 4547 4547
4548 4548 4548 4548
4549 4549 4549 4549
4576 4576 4576 4576
4577 4577 4577 4577
4578 4578 4578 4578
4579 4579 4579 4579
4580 4580 4580 4580
4581 4581 4581 4581
4582 4582 4582 4582
4583 4583 4583 4583
4584 4584 4584 4584
4585 4585 4585 4585
4586 4586 4586 4586
4587 4587 4587 4587
4588 4588 4588 4588
4589 4589 4589 4589
4590 4590 4590 4590
4591 4591 4591 4591
4592 4592 4592 4592
4593 4593 4593 4593
4594 4594 4594 4594
4595 4595 4595 4595
4596 4596 4596 4596
4597 4597 4597 4597
4598 4598 4598 4598
4599 4599 4599 4599
4600 4600 4600 4600
4601 4601 4601 4601
4602 4602 4602 4602
4603 4603 4603 4603
4604 4604 4604 4604
4605 4605 4605 4605
4606 4606 4606 4606
4607 4607 4607 4607
4608 4608 4608 4608
4609 4609 4609 4609
4610 4610 4610 4610
4611 4611 4611 4611
4612 4612 4612 4612
4613 4613 4613 4613
4614 4614 4614 4614
4615 4615 4615 4615
4616 4616 4616 4616
4617 4617 4617 4617
4618 4618 4618 4618
4619 4619 4619 4619
4620 4620 4620 4620
4621 4621 4621 4621
4622 4622 4622 4622
4623 4623 4623 4623
4624 4624 4624 4624
4625 4625 4625 4625
4626 4626 4626 4626
4627 4627 4627 4627
4628 4628 4628 4628
4629 4629 4629 4629
4630 4630 4630 4630
4631 4631 4631 4631
4632 4632 4632 4632
4633 4633 4633 4633
4634 4634 4634 4634
4635 4635 4635 4635
4636 4636 4636 4636
4637 4637 4637 4637
4638 4638 4638 4638
4639 4639 4639 4639
4640 4640 4640 4640
4641 4641 4641 4641
4642 4642 4642 4642
4643 4643 4643 4643
4644 4644 4644 4644
4645 4645 4645 4645
4646 4646 4646 4646
4647 4647 4647 4647
4648 4648 4648 4648
4649 4649 4649 4649
4650 4650 4650 4650
4651 4651 4651 4651
4652 4652 4652 4652
4653 4653 4653 4653
4654 4654 4654 4654
4655 4655 4655 4655
4656 4656 4656 4656
4657 4657 4657 4657
4658 4658 4658 4658
4659 4659 4659 4659
4660 4660 4660 4660
4661 4661 4661 4661
4662 4662 4662 4662
4663 4663 4663 4663
4664 4664 4664 4664
4665 4665 4665 4665
4666 4666 4666 4666
4667 4667 4667 4667
4668 4668 4668 4668
4669 4669 4669 4669
4670 4670 4670 4670
4696 4696 4696 4696
4697 4697 4697 4697
4698 4698 4698 4698
4699 4699 4699 4699
4700 4700 4700 4700
4701 4701 4701 4701
4702 4702 4702 4702
4703 4703 4703 4703
4704 4704 4704 4704
4705 4705 4705 4705
4706 4706 4706 4706
4707 4707 4707 4707
4708 4708 4708 4708
4709 4709 4709 4709
4710 4710 4710 4710
4711 4711 4711 4711
4712 4712 4712 4712
4713 4713 4713 4713
4714 4714 4714 4714
4715 4715 4715 4715
4716 4716 4716 4716
4717 4717 4717 4717
4718 4718 4718 4718
4719 4719 4719 4719
4720 4720 4720 4720
4721 4721 4721 4721
4722 4722 4722 4722
4723 4723 4723 4723
4724 4724 4724 4724
4725 4725 4725 4725
4726 4726 4726 4726
4727 4727 4727 4727
4728 4728 4728 4728
4729 4729 4729 4729
4730 4730 4730 4730
4731 4731 4731 4731
4732 4732 4732 4732
4733 4733 4733 4733
4734 4734 4734 4734
4735 4735 4735 4735
4736 4736 4736 4736
4737 4737 4737 4737
4738 4738 4738 4738
4739 4739 4739 4739
4740 4740 4740 4740
4741 4741 4741 4741
4742 4742 4742 4742
4743 4743 4743 4743
4744 4744 4744 4744
4745 4745 4745 4745
4746 4746 4746 4746
4747 4747 4747 4747
4748 4748 4748 4748
4749 4749 4749 4749
4750 4750 4750 4750
4751 4751 4751 4751
4752 4752 4752 4752
4753 4753 4753 4753
4754 4754 4754 4754
4755 4755 4755 4755
4756 4756 4756 4756
4757 4757 4757 4757
4758 4758 4758 4758
4759 4759 4759 4759
4760 4760 4760 4760
4761 4761 4761 4761
4762 4762 4762 4762
4763 4763 4763 4763
4764 4764 4764 4764
4765 4765 4765 4765
4766 4766 4766 4766
4767 4767 4767 4767
4768 4768 4768 4768
4769 4769 4769 4769
4770 4770 4770 4770
4771 4771 4771 4771
4772 4772 4772 4772
4773 4773 4773 4773
4774 4774 4774 4774
4775 4775 4775 4775
4776 4776 4776 4776
4777 4777 4777 4777
4778 4778 4778 4778
4779 4779 4779 4779
4780 4780 4780 4780
4781 4781 4781 4781
4782 4782 4782 4782
4783 4783 4783 4783
4784 4784 4784 4784
4785 4785 4785 4785
4786 4786 4786 4786
4787 4787 4787 4787
4788 4788 4788 4788
4789 4789 4789 4789
4790 4790 4790 4790
4816 4816 4816 4816
4817 4817 4817 4817
4818 4818 4818 4818
4819 4819 4819 4819
4820 4820 4820 4820
4821 4821 4821 4821
4822 4822 4822 4822
4823 4823 4823 4823
4824 4824 4824 4824
4825 4825 4825 4825
4826 4826 4826 4826
4827 4827 4827 4827
4828 4828 4828 4828
4829 4829 4829 4829
4830 4830 4830 4830
4831 4831 4831 4831
4832 4832 4832 4832
4833 4833 4833 4833
4834 4834 4834 4834
4835 4835 4835 4835
4836 4836 4836 4836
4837 4837 4837 4837
4838 4838 4838 4838
4839 4839 4839 4839
4840 4840 4840 4840
4841 4841 4841 4841
4842 4842 4842 4842
4843 4843 4843 4843
4844 4844 4844 4844
4845 4845 4845 4845
4846 4846 4846 4846
4937 4937 4937 4937
4938 4938 4938 4938
4939 4939 4939 4939
4940 4940 4940 4940
4941 4941 4941 4941
4942 4942 4942 4942
4943 4943 4943 4943
4944 4944 4944 4944
4945 4945 4945 4945
4946 4946 4946 4946
4947 4947 4947 4947
4948 4948 4948 4948
4949 4949 4949 4949
4950 4950 4950 4950
4951 4951 4951 4951
4952 4952 4952 4952
4953 4953 4953 4953
4954 4954 4954 4954
4955 4955 4955 4955
4956 4956 4956 4956
4957 4957 4957 4957
4958 4958 4958 4958
4959 4959 4959 4959
4960 4960 4960 4960
4961 4961 4961 4961
4962 4962 4962 4962
4963 4963 4963 4963
4964 4964 4964 4964
4965 4965 4965 4965
4966 4966 4966 4966
4967 4967 4967 4967
4968 4968 4968 4968
4969 4969 4969 4969
4970 4970 4970 4970
4971 4971 4971 4971
4972 4972 4972 4972
4973 4973 4973 4973
4974 4974 4974 4974
4975 4975 4975 4975
4976 4976 4976 4976
4977 4977 4977 4977
4978 4978 4978 4978
4979 4979 4979 4979
4980 4980 4980 4980
4981 4981 4981 4981
4982 4982 4982 4982
4983 4983 4983 4983
4984 4984 4984 4984
4985 4985 4985 4985
4986 4986 4986 4986
4987 4987 4987 4987
4988 4988 4988 4988
4989 4989 4989 4989
4990 4990 4990 4990
4991 4991 4991 4991
4992 4992 4992 4992
4993 4993 4993 4993
4994 4994 4994 4994
4995 4995 4995 4995
4996 4996 4996 4996
4997 4997 4997 4997
4998 4998 4998 4998
4999 4999 4999 4999
5000 5000 5000 5000
5001 5001 5001 5001
5002 5002 5002 5002
5003 5003 5003 5003
5004 5004 5004 5004
5005 5005 5005 5005
5006 5006 5006 5006
5007 5007 5007 5007
5008 5008 5008 5008
5009 5009 5009 5009
5010 5010 5010 5010
5011 5011 5011 5011
5012 5012 5012 5012
5013 5013 5013 5013
5014 5014 5014 5014
5015 5015 5015 5015
5016 5016 5016 5016
5017 5017 5017 5017
5018 5018 5018 5018
5019 5019 5019 5019
5020 5020 5020 5020
5021 5021 5021 5021
5022 5022 5022 5022
5023 5023 5023 5023
5024 5024 5024 5024
5025 5025 5025 5025
5026 5026 5026 5026
5027 5027 5027 5027
5028 5028 5028 5028
5029 5029 5029 5029
5030 5030 5030 5030
5057 5057 5057 5057
5058 5058 5058 5058
5059 5059 5059 5059
5060 5060 5060 5060
5061 5061 5061 5061
5062 5062 5062 5062
5063 5063 5063 5063
5064 5064 5064 5064
5065 5065 5065 5065
5066 5066 5066 5066
5067 5067 5067 5067
5068 5068 5068 5068
5069 5069 5069 5069
5070 5070 5070 5070
5071 5071 5071 5071
5072 5072 5072 5072
5073 5073 5073 5073
5074 5074 5074 5074
5075 5075 5075 5075
5076 5076 5076 5076
5077 5077 5077 5077
5078 5078 5078 5078
5079 5079 5079 5079
5080 5080 5080 5080
5081 5081 5081 5081
5082 5082 5082 5082
5083 5083 5083 5083
5084 5084 5084 5084
5085 5085 5085 5085
5086 5086 5086 5086
5087 5087 5087 5087
5088 5088 5088 5088
5089 5089 5089 5089
5090 5090 5090 5090
5091 5091 5091 5091
5092 5092 5092 5092
5093 5093 5093 5093
5094 5094 5094 5094
5095 5095 5095 5095
5096 5096 5096 5096
5097 5097 5097 5097
5098 5098 5098 5098
5099 5099 5099 5099
5100 5100 5100 5100
5101 5101 5101 5101
5102 5102 5102 5102
5103 5103 5103 5103
5104 5104 5104 5104
5105 5105 5105 5105
5106 5106 5106 5106
5107 5107 5107 5107
5108 5108 5108 5108
5109 5109 5109 5109
5110 5110 5110 5110
5111 5111 5111 5111
5112 5112 5112 5112
5113 5113 5113 5113
5114 5114 5114 5114
5115 5115 5115 5115
5116 5116 5116 5116
5117 5117 5117 5117
5118 5118 5118 5118
5119 5119 5119 5119
5120 5120 5120 5120
5121 5121 5121 5121
5122 5122 5122 5122
5123 5123 5123 5123
5124 5124 5124 5124
5125 5125 5125 5125
5126 5126 5126 5126
5127 5127 5127 5127
5128 5128 5128 5128
5129 5129 5129 5129
5130 5130 5130 5130
5131 5131 5131 5131
5132 5132 5132 5132
5133 5133 5133 5133
5134 5134 5134 5134
5135 5135 5135 5135
5136 5136 5136 5136
5137 5137 5137 5137
5138 5138 5138 5138
5139 5139 5139 5139
5140 5140 5140 5140
5141 5141 5141 5141
5142 5142 5142 5142
5143 5143 5143 5143
5144 5144 5144 5144
5145 5145 5145 5145
5146 5146 5146 5146
5147 5147 5147 5147
5148 5148 5148 5148
5149 5149 5149 5149
5150 5150 5150 5150
5177 5177 5177 5177
5178 5178 5178 5178
5179 5179 5179 5179
5180 5180 5180 5180
5181 5181 5181 5181
5182 5182 5182 5182
5183 5183 5183 5183
5184 5184 5184 5184
5185 5185 5185 5185
5186 5186 5186 5186
5187 5187 5187 5187
5188 5188 5188 5188
5189 5189 5189 5189
5190 5190 5190 5190
5191 5191 5191 5191
5192 5192 5192 5192
5193 5193 5193 5193
5194 5194 5194 5194
5195 5195 5195 5195
5196 5196 5196 5196
5197 5197 5197 5197
5198 5198 5198 5198
5199 5199 5199 5199
5200 5200 5200 5200
5201 5201 5201 5201
5202 5202 5202 5202
5203 5203 5203 5203
5204 5204 5204 5204
5205 5205 5205 5205
5206 5206 5206 5206
5207 5207 5207 5207
5208 5208 5208 5208
5209 5209 5209 5209
5210 5210 5210 5210
5211 5211 5211 5211
5212 5212 5212 5212
5213 5213 5213 5213
5214 5214 5214 5214
5215 5215 5215 5215
5216 5216 5216 5216
5217 5217 5217 5217
5218 5218 5218 5218
5219 5219 5219 5219
5220 5220 5220 5220
5221 5221 5221 5221
5222 5222 5222 5222
5223 5223 5223 5223
5224 5224 5224 5224
5225 5225 5225 5225
5226 5226 5226 5226
5227 5227 5227 5227
5228 5228 5228 5228
5229 5229 5229 5229
5230 5230 5230 5230
5231 5231 5231 5231
5232 5232 5232 5232
5233 5233 5233 5233
5234 5234 5234 5234
5235 5235 5235 5235
5236 5236 5236 5236
5237 5237 5237 5237
5238 5238 5238 5238
5239 5239 5239 5239
5240 5240 5240 5240
5241 5241 5241 5241
5242 5242 5242 5242
5243 5243 5243 5243
5244 5244 5244 5244
5245 5245 5245 5245
5246 5246 5246 5246
5247 5247 5247 5247
5248 5248 5248 5248
5249 5249 5249 5249
5250 5250 5250 5250
5251 5251 5251 5251
5252 5252 5252 5252
5253 5253 5253 5253
5254 5254 5254 5254
5255 5255 5255 5255
5256 5256 5256 5256
5257 5257 5257 5257
5258 5258 5258 5258
5259 5259 5259 5259
5260 5260 5260 5260
5261 5261 5261 5261
5262 5262 5262 5262
5263 5263 5263 5263
5264 5264 5264 5264
5265 5265 5265 5265
5266 5266 5266 5266
5267 5267 5267 5267
5268 5268 5268 5268
5269 5269 5269 5269
5270 5270 5270 5270
5271 5271 5271 5271
5297 5297 5297 5297
5298 5298 5298 5298
5299 5299 5299 5299
5300 5300 5300 5300
5301 5301 5301 5301
5302 5302 5302 5302
5303 5303 5303 5303
5304 5304 5304 5304
5305 5305 5305 5305
5306 5306 5306 5306
5307 5307 5307 5307
5308 5308 5308 5308
5309 5309 5309 5309
5310 5310 5310 5310
5311 5311 5311 5311
5312 5312 5312 5312
5313 5313 5313 5313
5314 5314 5314 5314
5315 5315 5315 5315
5316 5316 5316 5316
5317 5317 5317 5317
5318 5318 5318 5318
5319 5319 5319 5319
5320 5320 5320 5320
5321 5321 5321 5321
5322 5322 5322 5322
5323 5323 5323 5323
5324 5324 5324 5324
5325 5325 5325 5325
5326 5326 5326 5326
5327 5327 5327 5327
5328 5328 5328 5328
5329 5329 5329 5329
5330 5330 5330 5330
5331 5331 5331 5331
5332 5332 5332 5332
5333 5333 5333 5333
5334 5334 5334 5334
5335 5335 5335 5335
5336 5336 5336 5336
5337 5337 5337 5337
5338 5338 5338 5338
5339 5339 5339 5339
5340 5340 5340 5340
5341 5341 5341 5341
5342 5342 5342 5342
5343 5343 5343 5343
5344 5344 5344 5344
5345 5345 5345 5345
5346 5346 5346 5346
5347 5347 5347 5347
5348 5348 5348 5348
5349 5349 5349 5349
5350 5350 5350 5350
5351 5351 5351 5351
5352 5352 5352 5352
5353 5353 5353 5353
5354 5354 5354 5354
5355 5355 5355 5355
5356 5356 5356 5356
5357 5357 5357 5357
5358 5358 5358 5358
5359 5359 5359 5359
5360 5360 5360 5360
5361 5361 5361 5361
5362 5362 5362 5362
5363 5363 5363 5363
5364 5364 5364 5364
5365 5365 5365 5365
5366 5366 5366 5366
5367 5367 5367 5367
5368 5368 5368 5368
5369 5369 5369 5369
5370 5370 5370 5370
5371 5371 5371 5371
5372 5372 5372 5372
5373 5373 5373 5373
5374 5374 5374 5374
5375 5375 5375 5375
5376 5376 5376 5376
5377 5377 5377 5377
5378 5378 5378 5378
5379 5379 5379 5379
5380 5380 5380 5380
5381 5381 5381 5381
5382 5382 5382 5382
5383 5383 5383 5383
5384 5384 5384 5384
5385 5385 5385 5385
5386 5386 5386 5386
5418 5418 5418 5418
5419 5419 5419 5419
5420 5420 5420 5420
5421 5421 5421 5421
5422 5422 5422 5422
5423 5423 5423 5423
5424 5424 5424 5424
5425 5425 5425 5425
5426 5426 5426 5426
5427 5427 5427 5427
5428 5428 5428 5428
5429 5429 5429 5429
5430 5430 5430 5430
5431 5431 5431 5431
5432 5432 5432 5432
5433 5433 5433 5433
5434 5434 5434 5434
5435 5435 5435 5435
5436 5436 5436 5436
5437 5437 5437 5437
5438 5438 5438 5438
5439 5439 5439 5439
5440 5440 5440 5440
5441 5441 5441 5441
5442 5442 5442 5442
5443 5443 5443 5443
5444 5444 5444 5444
5445 5445 5445 5445
5446 5446 5446 5446
5447 5447 5447 5447
5448 5448 5448 5448
5449 5449 5449 5449
5450 5450 5450 5450
5451 5451 5451 5451
5452 5452 5452 5452
5453 5453 5453 5453
5454 5454 5454 5454
5455 5455 5455 5455
5456 5456 5456 5456
5457 5457 5457 5457
5458 5458 5458 5458
5459 5459 5459 5459
5460 5460 5460 5460
5461 5461 5461 5461
5462 5462 5462 5462
5463 5463 5463 5463
5464 5464 5464 5464
5465 5465 5465 5465
5466 5466 5466 5466
5467 5467 5467 5467
5468 5468 5468 5468
5469 5469 5469 5469
5470 5470 5470 5470
5471 5471 5471 5471
5472 5472 5472 5472
5473 5473 5473 5473
5474 5474 5474 5474
5475 5475 5475 5475
5476 5476 5476 5476
5477 5477 5477 5477
5478 5478 5478 5478
5479 5479 5479 5479
5480 5480 5480 5480
5481 5481 5481 5481
5482 5482 5482 5482
5483 5483 5483 5483
5484 5484 5484 5484
5485 5485 5485 5485
5486 5486 5486 5486
5487 5487 5487 5487
5488 5488 5488 5488
5489 5489 5489 5489
5490 5490 5490 5490
5491 5491 5491 5491
5492 5492 5492 5492
5493 5493 5493 5493
5494 5494 5494 5494
5495 5495 5495 5495
5496 5496 5496 5496
5507 5507 5507 5507
5508 5508 5508 5508
5509 5509 5509 5509
5510 5510 5510 5510
5539 5539 5539 5539
5540 5540 5540 5540
5541 5541 5541 5541
5542 5542 5542 5542
5543 5543 5543 5543
5544 5544 5544 5544
5545 5545 5545 5545
5546 5546 5546 5546
5547 5547 5547 5547
5548 5548 5548 5548
5549 5549 5549 5549
5550 5550 5550 5550
5551 5551 5551 5551
5552 5552 5552 5552
5553 5553 5553 5553
5554 5554 5554 5554
5555 5555 5555 5555
5556 5556 5556 5556
5557 5557 5557 5557
5558 5558 5558 5558
5559 5559 5559 5559
5560 5560 5560 5560
5561 5561 5561 5561
5562 5562 5562 5562
5563 5563 5563 5563
5564 5564 5564 5564
5565 5565 5565 5565
5566 5566 5566 5566
5567 5567 5567 5567
5568 5568 5568 5568
5569 5569 5569 5569
5570 5570 5570 5570
5571 5571 5571 5571
5572 5572 5572 5572
5573 5573 5573 5573
5574 5574 5574 5574
5575 5575 5575 5575
5576 5576 5576 5576
5577 5577 5577 5577
5578 5578 5578 5578
5579 5579 5579 5579
5580 5580 5580 5580
5581 5581 5581 5581
5582 5582 5582 5582
5583 5583 5583 5583
5584 5584 5584 5584
5585 5585 5585 5585
5586 5586 5586 5586
5587 5587 5587 5587
5588 5588 5588 5588
5589 5589 5589 5589
5590 5590 5590 5590
5591 5591 5591 5591
5592 5592 5592 5592
5593 5593 5593 5593
5594 5594 5594 5594
5595 5595 5595 5595
5596 5596 5596 5596
5597 5597 5597 5597
5598 5598 5598 5598
5599 5599 5599 5599
5600 5600 5600 5600
5601 5601 5601 5601
5602 5602 5602 5602
5603 5603 5603 5603
5604 5604 5604 5604
5605 5605 5605 5605
5606 5606 5606 5606
5607 5607 5607 5607
5608 5608 5608 5608
5617 5617 5617 5617
5618 5618 5618 5618
5619 5619 5619 5619
5620 5620 5620 5620
5621 5621 5621 5621
5622 5622 5622 5622
5623 5623 5623 5623
5624 5624 5624 5624
5625 5625 5625 5625
5626 5626 5626 5626
5627 5627 5627 5627
5628 5628 5628 5628
5629 5629 5629 5629
5630 5630 5630 5630
5660 5660 5660 5660
5661 5661 5661 5661
5662 5662 5662 5662
5663 5663 5663 5663
5664 5664 5664 5664
5665 5665 5665 5665
5666 5666 5666 5666
5667 5667 5667 5667
5668 5668 5668 5668
5669 5669 5669 5669
5670 5670 5670 5670
5671 5671 5671 5671
5672 5672 5672 5672
5673 5673 5673 5673
5674 5674 5674 5674
5675 5675 5675 5675
5676 5676 5676 5676
5677 5677 5677 5677
5678 5678 5678 5678
5679 5679 5679 5679
5680 5680 5680 5680
5681 5681 5681 5681
5682 5682 5682 5682
5683 5683 5683 5683
5684 5684 5684 5684
5685 5685 5685 5685
5686 5686 5686 5686
5687 5687 5687 5687
5688 5688 5688 5688
5689 5689 5689 5689
5690 5690 5690 5690
5691 5691 5691 5691
5692 5692 5692 5692
5693 5693 5693 5693
5694 5694 5694 5694
5695 5695 5695 5695
5696 5696 5696 5696
5697 5697 5697 5697
5698 5698 5698 5698
5699 5699 5699 5699
5700 5700 5700 5700
5701 5701 5701 5701
5702 5702 5702 5702
5703 5703 5703 5703
5704 5704 5704 5704
5705 5705 5705 5705
5706 5706 5706 5706
5707 5707 5707 5707
5708 5708 5708 5708
5709 5709 5709 5709
5710 5710 5710 5710
5711 5711 5711 5711
5712 5712 5712 5712
5713 5713 5713 5713
5714 5714 5714 5714
5715 5715 5715 5715
5716 5716 5716 5716
5717 5717 5717 5717
5718 5718 5718 5718
5719 5719 5719 5719
5720 5720 5720 5720
5721 5721 5721 5721
5722 5722 5722 5722
5728 5728 5728 5728
5729 5729 5729 5729
5730 5730 5730 5730
5731 5731 5731 5731
5732 5732 5732 5732
5733 5733 5733 5733
5734 5734 5734 5734
5735 5735 5735 5735
5736 5736 5736 5736
5737 5737 5737 5737
5738 5738 5738 5738
5739 5739 5739 5739
5740 5740 5740 5740
5741 5741 5741 5741
5742 5742 5742 5742
5743 5743 5743 5743
5744 5744 5744 5744
5745 5745 5745 5745
5746 5746 5746 5746
5747 5747 5747 5747
5748 5748 5748 5748
5749 5749 5749 5749
5781 5781 5781 5781
5782 5782 5782 5782
5783 5783 5783 5783
5784 5784 5784 5784
5785 5785 5785 5785
5786 5786 5786 5786
5787 5787 5787 5787
5788 5788 5788 5788
5789 5789 5789 5789
5790 5790 5790 5790
5791 5791 5791 5791
5792 5792 5792 5792
5793 5793 5793 5793
5794 5794 5794 5794
5795 5795 5795 5795
5796 5796 5796 5796
5797 5797 5797 5797
5798 5798 5798 5798
5799 5799 5799 5799
5800 5800 5800 5800
5801 5801 5801 5801
5802 5802 5802 5802
5803 5803 5803 5803
5804 5804 5804 5804
5805 5805 5805 5805
5806 5806 5806 5806
5807 5807 5807 5807
5808 5808 5808 5808
5809 5809 5809 5809
5810 5810 5810 5810
5811 5811 5811 5811
5812 5812 5812 5812
5813 5813 5813 5813
5814 5814 5814 5814
5815 5815 5815 5815
5816 5816 5816 5816
5817 5817 5817 5817
5818 5818 5818 5818
5819 5819 5819 5819
5820 5820 5820 5820
5821 5821 5821 5821
5822 5822 5822 5822
5823 5823 5823 5823
5824 5824 5824 5824
5825 5825 5825 5825
5826 5826 5826 5826
5827 5827 5827 5827
5828 5828 5828 5828
5829 5829 5829 5829
5830 5830 5830 5830
5831 5831 5831 5831
5832 5832 5832 5832
5833 5833 5833 5833
5834 5834 5834 5834
5835 5835 5835 5835
5836 5836 5836 5836
5837 5837 5837 5837
5838 5838 5838 5838
5843 5843 5843 5843
5844 5844 5844 5844
5845 5845 5845 5845
5846 5846 5846 5846
5847 5847 5847 5847
5848 5848 5848 5848
5849 5849 5849 5849
5850 5850 5850 5850
5851 5851 5851 5851
5852 5852 5852 5852
5853 5853 5853 5853
5858 5858 5858 5858
5859 5859 5859 5859
5861 5861 5861 5861
5862 5862 5862 5862
5863 5863 5863 5863
5864 5864 5864 5864
5865 5865 5865 5865
5866 5866 5866 5866
5867 5867 5867 5867
5868 5868 5868 5868
5902 5902 5902 5902
5903 5903 5903 5903
5904 5904 5904 5904
5905 5905 5905 5905
5906 5906 5906 5906
5907 5907 5907 5907
5908 5908 5908 5908
5909 5909 5909 5909
5910 5910 5910 5910
5911 5911 5911 5911
5912 5912 5912 5912
5913 5913 5913 5913
5914 5914 5914 5914
5915 5915 5915 5915
5916 5916 5916 5916
5917 5917 5917 5917
5918 5918 5918 5918
5919 5919 5919 5919
5920 5920 5920 5920
5921 5921 5921 5921
5922 5922 5922 5922
5923 5923 5923 5923
5924 5924 5924 5924
5925 5925 5925 5925
5926 5926 5926 5926
5927 5927 5927 5927
5928 5928 5928 5928
5929 5929 5929 5929
5930 5930 5930 5930
5931 5931 5931 5931
5932 5932 5932 5932
5933 5933 5933 5933
5934 5934 5934 5934
5935 5935 5935 5935
5936 5936 5936 5936
5937 5937 5937 5937
5938 5938 5938 5938
5939 5939 5939 5939
5940 5940 5940 5940
5941 5941 5941 5941
5942 5942 5942 5942
5943 5943 5943 5943
5944 5944 5944 5944
5945 5945 5945 5945
5946 5946 5946 5946
5947 5947 5947 5947
5948 5948 5948 5948
5949 5949 5949 5949
5950 5950 5950 5950
5951 5951 5951 5951
5952 5952 5952 5952
5953 5953 5953 5953
5954 5954 5954 5954
5959 5959 5959 5959
5960 5960 5960 5960
5961 5961 5961 5961
5962 5962 5962 5962
5963 5963 5963 5963
5964 5964 5964 5964
5965 5965 5965 5965
5966 5966 5966 5966
5967 5967 5967 5967
5968 5968 5968 5968
5969 5969 5969 5969
5970 5970 5970 5970
5971 5971 5971 5971
5972 5972 5972 5972
5981 5981 5981 5981
5982 5982 5982 5982
5983 5983 5983 5983
5984 5984 5984 5984
6023 6023 6023 6023
6024 6024 6024 6024
6025 6025 6025 6025
6026 6026 6026 6026
6027 6027 6027 6027
6028 6028 6028 6028
6029 6029 6029 6029
6030 6030 6030 6030
6031 6031 6031 6031
6032 6032 6032 6032
6033 6033 6033 6033
6034 6034 6034 6034
6035 6035 6035 6035
6036 6036 6036 6036
6037 6037 6037 6037
6038 6038 6038 6038
6039 6039 6039 6039
6040 6040 6040 6040
6041 6041 6041 6041
6042 6042 6042 6042
6043 6043 6043 6043
6044 6044 6044 6044
6045 6045 6045 6045
6046 6046 6046 6046
6047 6047 6047 6047
6048 6048 6048 6048
6049 6049 6049 6049
6050 6050 6050 6050
6051 6051 6051 6051
6052 6052 6052 6052
6053 6053 6053 6053
6054 6054 6054 6054
6055 6055 6055 6055
6056 6056 6056 6056
6057 6057 6057 6057
6058 6058 6058 6058
6059 6059 6059 6059
6060 6060 6060 6060
6061 6061 6061 6061
6062 6062 6062 6062
6063 6063 6063 6063
6064 6064 6064 6064
6065 6065 6065 6065
6066 6066 6066 6066
6067 6067 6067 6067
6068 6068 6068 6068
6069 6069 6069 6069
6070 6070 6070 6070
6071 6071 6071 6071
6075 6075 6075 6075
6076 6076 6076 6076
6077 6077 6077 6077
6078 6078 6078 6078
6079 6079 6079 6079
6080 6080 6080 6080
6081 6081 6081 6081
6082 6082 6082 6082
6083 6083 6083 6083
6084 6084 6084 6084
6085 6085 6085 6085
6086 6086 6086 6086
6087 6087 6087 6087
6088 6088 6088 6088
6089 6089 6089 6089
6090 6090 6090 6090
6091 6091 6091 6091
6092 6092 6092 6092
6105 6105 6105 6105
6106 6106 6106 6106
6107 6107 6107 6107
6144 6144 6144 6144
6145 6145 6145 6145
6146 6146 6146 6146
6147 6147 6147 6147
6148 6148 6148 6148
6149 6149 6149 6149
6150 6150 6150 6150
6151 6151 6151 6151
6152 6152 6152 6152
6153 6153 6153 6153
6154 6154 6154 6154
6155 6155 6155 6155
6156 6156 6156 6156
6157 6157 6157 6157
6158 6158 6158 6158
6159 6159 6159 6159
6160 6160 6160 6160
6161 6161 6161 6161
6162 6162 6162 6162
6163 6163 6163 6163
6164 6164 6164 6164
6165 6165 6165 6165
6166 6166 6166 6166
6167 6167 6167 6167
6168 6168 6168 6168
6169 6169 6169 6169
6170 6170 6170 6170
6171 6171 6171 6171
6172 6172 6172 6172
6173 6173 6173 6173
6174 6174 6174 6174
6175 6175 6175 6175
6176 6176 6176 6176
6177 6177 6177 6177
6178 6178 6178 6178
6179 6179 6179 6179
6180 6180 6180 6180
6181 6181 6181 6181
6182 6182 6182 6182
6183 6183 6183 6183
6184 6184 6184 6184
6185 6185 6185 6185
6186 6186 6186 6186
6187 6187 6187 6187
6188 6188 6188 6188
6189 6189 6189 6189
6190 6190 6190 6190
6192 6192 6192 6192
6193 6193 6193 6193
6194 6194 6194 6194
6195 6195 6195 6195
6196 6196 6196 6196
6197 6197 6197 6197
6198 6198 6198 6198
6202 6202 6202 6202
6203 6203 6203 6203
6204 6204 6204 6204
6205 6205 6205 6205
6206 6206 6206 6206
6207 6207 6207 6207
6208 6208 6208 6208
6209 6209 6209 6209
6210 6210 6210 6210
6211 6211 6211 6211
6225 6225 6225 6225
6226 6226 6226 6226
6227 6227 6227 6227
6265 6265 6265 6265
6266 6266 6266 6266
6267 6267 6267 6267
6268 6268 6268 6268
6269 6269 6269 6269
6270 6270 6270 6270
6271 6271 6271 6271
6272 6272 6272 6272
6273 6273 6273 6273
6274 6274 6274 6274
6275 6275 6275 6275
6276 6276 6276 6276
6277 6277 6277 6277
6278 6278 6278 6278
6279 6279 6279 6279
6280 6280 6280 6280
6281 6281 6281 6281
6282 6282 6282 6282
6283 6283 6283 6283
6284 6284 6284 6284
6285 6285 6285 6285
6286 6286 6286 6286
6287 6287 6287 6287
6288 6288 6288 6288
6289 6289 6289 6289
6290 6290 6290 6290
6291 6291 6291 6291
6292 6292 6292 6292
6293 6293 6293 6293
6294 6294 6294 6294
6295 6295 6295 6295
6296 6296 6296 6296
6297 6297 6297 6297
6298 6298 6298 6298
6299 6299 6299 6299
6300 6300 6300 6300
6301 6301 6301 6301
6302 6302 6302 6302
6303 6303 6303 6303
6304 6304 6304 6304
6305 6305 6305 6305
6306 6306 6306 6306
6307 6307 6307 6307
6308 6308 6308 6308
6310 6310 6310 6310
6311 6311 6311 6311
6312 6312 6312 6312
6313 6313 6313 6313
6314 6314 6314 6314
6315 6315 6315 6315
6316 6316 6316 6316
6324 6324 6324 6324
6325 6325 6325 6325
6326 6326 6326 6326
6327 6327 6327 6327
6328 6328 6328 6328
6329 6329 6329 6329
6330 6330 6330 6330
6387 6387 6387 6387
6388 6388 6388 6388
6389 6389 6389 6389
6390 6390 6390 6390
6391 6391 6391 6391
6392 6392 6392 6392
6393 6393 6393 6393
6394 6394 6394 6394
6395 6395 6395 6395
6396 6396 6396 6396
6397 6397 6397 6397
6398 6398 6398 6398
6399 6399 6399 6399
6400 6400 6400 6400
6401 6401 6401 6401
6402 6402 6402 6402
6403 6403 6403 6403
6404 6404 6404 6404
6405 6405 6405 6405
6406 6406 6406 6406
6407 6407 6407 6407
6408 6408 6408 6408
6409 6409 6409 6409
6410 6410 6410 6410
6411 6411 6411 6411
6412 6412 6412 6412
6413 6413 6413 6413
6414 6414 6414 6414
6415 6415 6415 6415
6416 6416 6416 6416
6417 6417 6417 6417
6418 6418 6418 6418
6419 6419 6419 6419
6420 6420 6420 6420
6421 6421 6421 6421
6422 6422 6422 6422
6423 6423 6423 6423
6424 6424 6424 6424
6425 6425 6425 6425
6426 6426 6426 6426
6429 6429 6429 6429
6430 6430 6430 6430
6431 6431 6431 6431
6432 6432 6432 6432
6433 6433 6433 6433
6434 6434 6434 6434
6445 6445 6445 6445
6446 6446 6446 6446
6447 6447 6447 6447
6508 6508 6508 6508
6509 6509 6509 6509
6510 6510 6510 6510
6511 6511 6511 6511
6512 6512 6512 6512
6513 6513 6513 6513
6514 6514 6514 6514
6515 6515 6515 6515
6516 6516 6516 6516
6517 6517 6517 6517
6518 6518 6518 6518
6519 6519 6519 6519
6520 6520 6520 6520
6521 6521 6521 6521
6522 6522 6522 6522
6523 6523 6523 6523
6524 6524 6524 6524
6525 6525 6525 6525
6526 6526 6526 6526
6527 6527 6527 6527
6528 6528 6528 6528
6529 6529 6529 6529
6530 6530 6530 6530
6531 6531 6531 6531
6532 6532 6532 6532
6533 6533 6533 6533
6534 6534 6534 6534
6535 6535 6535 6535
6536 6536 6536 6536
6537 6537 6537 6537
6538 6538 6538 6538
6539 6539 6539 6539
6543 6543 6543 6543
6548 6548 6548 6548
6549 6549 6549 6549
6550 6550 6550 6550
6551 6551 6551 6551
6552 6552 6552 6552
6567 6567 6567 6567
6568 6568 6568 6568
6629 6629 6629 6629
6630 6630 6630 6630
6631 6631 6631 6631
6632 6632 6632 6632
6633 6633 6633 6633
6634 6634 6634 6634
6635 6635 6635 6635
6636 6636 6636 6636
6637 6637 6637 6637
6638 6638 6638 6638
6639 6639 6639 6639
6640 6640 6640 6640
6641 6641 6641 6641
6642 6642 6642 6642
6643 6643 6643 6643
6644 6644 6644 6644
6645 6645 6645 6645
6646 6646 6646 6646
6647 6647 6647 6647
6648 6648 6648 6648
6649 6649 6649 6649
6650 6650 6650 6650
6651 6651 6651 6651
6652 6652 6652 6652
6653 6653 6653 6653
6654 6654 6654 6654
6655 6655 6655 6655
6656 6656 6656 6656
6657 6657 6657 6657
6658 6658 6658 6658
6668 6668 6668 6668
6669 6669 6669 6669
6670 6670 6670 6670
6750 6750 6750 6750
6751 6751 6751 6751
6752 6752 6752 6752
6753 6753 6753 6753
6754 6754 6754 6754
6755 6755 6755 6755
6756 6756 6756 6756
6757 6757 6757 6757
6758 6758 6758 6758
6759 6759 6759 6759
6760 6760 6760 6760
6761 6761 6761 6761
6762 6762 6762 6762
6763 6763 6763 6763
6764 6764 6764 6764
6765 6765 6765 6765
6766 6766 6766 6766
6767 6767 6767 6767
6770 6770 6770 6770
6771 6771 6771 6771
6772 6772 6772 6772
6773 6773 6773 6773
6774 6774 6774 6774
6872 6872 6872 6872
6873 6873 6873 6873
6874 6874 6874 6874
6875 6875 6875 6875
6876 6876 6876 6876
6877 6877 6877 6877
6878 6878 6878 6878
6879 6879 6879 6879
6880 6880 6880 6880
6881 6881 6881 6881
6882 6882 6882 6882
6883 6883 6883 6883
6884 6884 6884 6884
6885 6885 6885 6885
6886 6886 6886 6886
6891 6891 6891 6891
6892 6892 6892 6892
6893 6893 6893 6893
6993 6993 6993 6993
6994 6994 6994 6994
6995 6995 6995 6995
6996 6996 6996 6996
6997 6997 6997 6997
6998 6998 6998 6998
6999 6999 6999 6999
7000 7000 7000 7000
7001 7001 7001 7001
7002 7002 7002 7002
7003 7003 7003 7003
7004 7004 7004 7004
7005 7005 7005 7005
7114 7114 7114 7114
7115 7115 7115 7115
7116 7116 7116 7116
7117 7117 7117 7117
7118 7118 7118 7118
7119 7119 7119 7119
7120 7120 7120 7120
7121 7121 7121 7121
7122 7122 7122 7122
7123 7123 7123 7123
7124 7124 7124 7124
7235 7235 7235 7235
7236 7236 7236 7236
7237 7237 7237 7237
7238 7238 7238 7238
7239 7239 7239 7239
7240 7240 7240 7240
7241 7241 7241 7241
7242 7242 7242 7242
7243 7243 7243 7243
7356 7356 7356 7356
7357 7357 7357 7357
7358 7358 7358 7358
7359 7359 7359 7359
7360 7360 7360 7360
7361 7361 7361 7361
7362 7362 7362 7362
7479 7479 7479 7479
7480 7480 7480 7480
7481 7481 7481 7481
