ncols         1
nrows         47
xllcorner     0
yllcorner     0
cellsize      16
NODATA_value  -9999
63.85461753
63.85461753
63.85461753
63.85461753
63.85461753
63.85461753
63.85461753
63.85461753
63.85461753
63.85461753
63.85461753
63.85461753
64.53164798
64.53164798
64.53164798
64.53164798
64.53164798
64.53164798
64.53164798
64.53164798
64.53164798
64.53164798
64.53164798
64.53164798
64.24430809
64.24430809
64.24430809
64.24430809
64.24430809
64.24430809
64.24430809
64.24430809
64.24430809
64.24430809
64.24430809
64.24430809
63.85461753
63.85461753
63.85461753
63.85461753
63.85461753
63.85461753
63.85461753
63.85461753
63.85461753
63.85461753
63.85461753