ncols         1
nrows         47
xllcorner     0
yllcorner     0
cellsize      16
NODATA_value  -9999
25.47795558
25.47795558
25.47795558
25.47795558
25.47795558
25.47795558
25.47795558
25.47795558
25.47795558
25.47795558
25.47795558
25.47795558
25.57646851
25.57646851
25.57646851
25.57646851
25.57646851
25.57646851
25.57646851
25.57646851
25.57646851
25.57646851
25.57646851
25.57646851
24.27625247
24.27625247
24.27625247
24.27625247
24.27625247
24.27625247
24.27625247
24.27625247
24.27625247
24.27625247
24.27625247
24.27625247
25.47795558
25.47795558
25.47795558
25.47795558
25.47795558
25.47795558
25.47795558
25.47795558
25.47795558
25.47795558
25.47795558