x,y,ID
19.8,60.2,493
20,60.1,612
20,60.2,613
20,60.3,614
20.2,60.2,733
20.8,69,1181
21,68.9,1300
21,69,1301
21.2,68.9,1420
21.2,69,1421
21.2,69.1,1422
21.2,69.2,1423
21.4,60.8,1459
21.4,60.9,1460
21.4,61,1461
21.4,62.1,1472
21.4,62.2,1473
21.4,62.3,1474
21.4,62.4,1475
21.4,62.5,1476
21.4,62.6,1477
21.4,62.7,1478
21.4,62.8,1479
21.4,62.9,1480
21.4,68.8,1539
21.4,68.9,1540
21.4,69,1541
21.4,69.1,1542
21.4,69.2,1543
21.6,60.6,1577
21.6,60.7,1578
21.6,60.8,1579
21.6,60.9,1580
21.6,61,1581
21.6,61.1,1582
21.6,61.2,1583
21.6,61.3,1584
21.6,61.4,1585
21.6,61.5,1586
21.6,61.6,1587
21.6,61.7,1588
21.6,61.8,1589
21.6,61.9,1590
21.6,62,1591
21.6,62.1,1592
21.6,62.2,1593
21.6,62.3,1594
21.6,62.4,1595
21.6,62.5,1596
21.6,62.6,1597
21.6,62.7,1598
21.6,62.8,1599
21.6,62.9,1600
21.6,63,1601
21.6,63.1,1602
21.6,63.2,1603
21.6,68.7,1658
21.6,68.8,1659
21.6,68.9,1660
21.6,69,1661
21.6,69.1,1662
21.6,69.2,1663
21.8,60.6,1697
21.8,60.7,1698
21.8,60.8,1699
21.8,60.9,1700
21.8,61,1701
21.8,61.1,1702
21.8,61.2,1703
21.8,61.3,1704
21.8,61.4,1705
21.8,61.5,1706
21.8,61.6,1707
21.8,61.7,1708
21.8,61.8,1709
21.8,61.9,1710
21.8,62,1711
21.8,62.1,1712
21.8,62.2,1713
21.8,62.3,1714
21.8,62.4,1715
21.8,62.5,1716
21.8,62.6,1717
21.8,62.7,1718
21.8,62.8,1719
21.8,62.9,1720
21.8,63,1721
21.8,63.1,1722
21.8,63.2,1723
21.8,68.6,1777
21.8,68.7,1778
21.8,68.8,1779
21.8,68.9,1780
21.8,69,1781
21.8,69.1,1782
22,60.5,1816
22,60.6,1817
22,60.7,1818
22,60.8,1819
22,60.9,1820
22,61,1821
22,61.1,1822
22,61.2,1823
22,61.3,1824
22,61.4,1825
22,61.5,1826
22,61.6,1827
22,61.7,1828
22,61.8,1829
22,61.9,1830
22,62,1831
22,62.1,1832
22,62.2,1833
22,62.3,1834
22,62.4,1835
22,62.5,1836
22,62.6,1837
22,62.7,1838
22,62.8,1839
22,62.9,1840
22,63,1841
22,63.1,1842
22,63.2,1843
22,68.6,1897
22,68.7,1898
22,68.8,1899
22,68.9,1900
22,69,1901
22.2,60.3,1934
22.2,60.5,1936
22.2,60.6,1937
22.2,60.7,1938
22.2,60.8,1939
22.2,60.9,1940
22.2,61,1941
22.2,61.1,1942
22.2,61.2,1943
22.2,61.3,1944
22.2,61.4,1945
22.2,61.5,1946
22.2,61.6,1947
22.2,61.7,1948
22.2,61.8,1949
22.2,61.9,1950
22.2,62,1951
22.2,62.1,1952
22.2,62.2,1953
22.2,62.3,1954
22.2,62.4,1955
22.2,62.5,1956
22.2,62.6,1957
22.2,62.7,1958
22.2,62.8,1959
22.2,62.9,1960
22.2,63,1961
22.2,63.1,1962
22.2,63.2,1963
22.2,68.5,2016
22.2,68.6,2017
22.2,68.7,2018
22.2,68.8,2019
22.2,68.9,2020
22.4,60.3,2054
22.4,60.4,2055
22.4,60.5,2056
22.4,60.6,2057
22.4,60.7,2058
22.4,60.8,2059
22.4,60.9,2060
22.4,61,2061
22.4,61.1,2062
22.4,61.2,2063
22.4,61.3,2064
22.4,61.4,2065
22.4,61.5,2066
22.4,61.6,2067
22.4,61.7,2068
22.4,61.8,2069
22.4,61.9,2070
22.4,62,2071
22.4,62.1,2072
22.4,62.2,2073
22.4,62.3,2074
22.4,62.4,2075
22.4,62.5,2076
22.4,62.6,2077
22.4,62.7,2078
22.4,62.8,2079
22.4,62.9,2080
22.4,63,2081
22.4,63.1,2082
22.4,63.2,2083
22.4,63.3,2084
22.4,63.4,2085
22.4,68.5,2136
22.4,68.6,2137
22.4,68.7,2138
22.6,60.1,2172
22.6,60.2,2173
22.6,60.3,2174
22.6,60.4,2175
22.6,60.5,2176
22.6,60.6,2177
22.6,60.7,2178
22.6,60.8,2179
22.6,60.9,2180
22.6,61,2181
22.6,61.1,2182
22.6,61.2,2183
22.6,61.3,2184
22.6,61.4,2185
22.6,61.5,2186
22.6,61.6,2187
22.6,61.7,2188
22.6,61.8,2189
22.6,61.9,2190
22.6,62,2191
22.6,62.1,2192
22.6,62.2,2193
22.6,62.3,2194
22.6,62.4,2195
22.6,62.5,2196
22.6,62.6,2197
22.6,62.7,2198
22.6,62.8,2199
22.6,62.9,2200
22.6,63,2201
22.6,63.1,2202
22.6,63.2,2203
22.6,63.3,2204
22.6,63.4,2205
22.6,63.5,2206
22.6,63.6,2207
22.6,68.5,2256
22.6,68.6,2257
22.6,68.7,2258
22.8,60.1,2292
22.8,60.2,2293
22.8,60.3,2294
22.8,60.4,2295
22.8,60.5,2296
22.8,60.6,2297
22.8,60.7,2298
22.8,60.8,2299
22.8,60.9,2300
22.8,61,2301
22.8,61.1,2302
22.8,61.2,2303
22.8,61.3,2304
22.8,61.4,2305
22.8,61.5,2306
22.8,61.6,2307
22.8,61.7,2308
22.8,61.8,2309
22.8,61.9,2310
22.8,62,2311
22.8,62.1,2312
22.8,62.2,2313
22.8,62.3,2314
22.8,62.4,2315
22.8,62.5,2316
22.8,62.6,2317
22.8,62.7,2318
22.8,62.8,2319
22.8,62.9,2320
22.8,63,2321
22.8,63.1,2322
22.8,63.2,2323
22.8,63.3,2324
22.8,63.4,2325
22.8,63.5,2326
22.8,63.6,2327
22.8,63.7,2328
22.8,68.4,2375
22.8,68.5,2376
22.8,68.6,2377
23,60.1,2412
23,60.2,2413
23,60.3,2414
23,60.4,2415
23,60.5,2416
23,60.6,2417
23,60.7,2418
23,60.8,2419
23,60.9,2420
23,61,2421
23,61.1,2422
23,61.2,2423
23,61.3,2424
23,61.4,2425
23,61.5,2426
23,61.6,2427
23,61.7,2428
23,61.8,2429
23,61.9,2430
23,62,2431
23,62.1,2432
23,62.2,2433
23,62.3,2434
23,62.4,2435
23,62.5,2436
23,62.6,2437
23,62.7,2438
23,62.8,2439
23,62.9,2440
23,63,2441
23,63.1,2442
23,63.2,2443
23,63.3,2444
23,63.4,2445
23,63.5,2446
23,63.6,2447
23,63.7,2448
23,63.8,2449
23,68.4,2495
23,68.5,2496
23,68.6,2497
23.2,59.9,2530
23.2,60,2531
23.2,60.1,2532
23.2,60.2,2533
23.2,60.3,2534
23.2,60.4,2535
23.2,60.5,2536
23.2,60.6,2537
23.2,60.7,2538
23.2,60.8,2539
23.2,60.9,2540
23.2,61,2541
23.2,61.1,2542
23.2,61.2,2543
23.2,61.3,2544
23.2,61.4,2545
23.2,61.5,2546
23.2,61.6,2547
23.2,61.7,2548
23.2,61.8,2549
23.2,61.9,2550
23.2,62,2551
23.2,62.1,2552
23.2,62.2,2553
23.2,62.3,2554
23.2,62.4,2555
23.2,62.5,2556
23.2,62.6,2557
23.2,62.7,2558
23.2,62.8,2559
23.2,62.9,2560
23.2,63,2561
23.2,63.1,2562
23.2,63.2,2563
23.2,63.3,2564
23.2,63.4,2565
23.2,63.5,2566
23.2,63.6,2567
23.2,63.7,2568
23.2,63.8,2569
23.2,68.2,2613
23.2,68.3,2614
23.2,68.4,2615
23.2,68.5,2616
23.2,68.6,2617
23.4,60,2651
23.4,60.1,2652
23.4,60.2,2653
23.4,60.3,2654
23.4,60.4,2655
23.4,60.5,2656
23.4,60.6,2657
23.4,60.7,2658
23.4,60.8,2659
23.4,60.9,2660
23.4,61,2661
23.4,61.1,2662
23.4,61.2,2663
23.4,61.3,2664
23.4,61.4,2665
23.4,61.5,2666
23.4,61.6,2667
23.4,61.7,2668
23.4,61.8,2669
23.4,61.9,2670
23.4,62,2671
23.4,62.1,2672
23.4,62.2,2673
23.4,62.3,2674
23.4,62.4,2675
23.4,62.5,2676
23.4,62.6,2677
23.4,62.7,2678
23.4,62.8,2679
23.4,62.9,2680
23.4,63,2681
23.4,63.1,2682
23.4,63.2,2683
23.4,63.3,2684
23.4,63.4,2685
23.4,63.5,2686
23.4,63.6,2687
23.4,63.7,2688
23.4,63.8,2689
23.4,63.9,2690
23.4,68.1,2732
23.4,68.2,2733
23.4,68.3,2734
23.4,68.4,2735
23.4,68.5,2736
23.4,68.6,2737
23.6,60,2771
23.6,60.1,2772
23.6,60.2,2773
23.6,60.3,2774
23.6,60.4,2775
23.6,60.5,2776
23.6,60.6,2777
23.6,60.7,2778
23.6,60.8,2779
23.6,60.9,2780
23.6,61,2781
23.6,61.1,2782
23.6,61.2,2783
23.6,61.3,2784
23.6,61.4,2785
23.6,61.5,2786
23.6,61.6,2787
23.6,61.7,2788
23.6,61.8,2789
23.6,61.9,2790
23.6,62,2791
23.6,62.1,2792
23.6,62.2,2793
23.6,62.3,2794
23.6,62.4,2795
23.6,62.5,2796
23.6,62.6,2797
23.6,62.7,2798
23.6,62.8,2799
23.6,62.9,2800
23.6,63,2801
23.6,63.1,2802
23.6,63.2,2803
23.6,63.3,2804
23.6,63.4,2805
23.6,63.5,2806
23.6,63.6,2807
23.6,63.7,2808
23.6,63.8,2809
23.6,63.9,2810
23.6,64,2811
23.6,67.5,2846
23.6,67.6,2847
23.6,67.7,2848
23.6,67.8,2849
23.6,67.9,2850
23.6,68,2851
23.6,68.1,2852
23.6,68.2,2853
23.6,68.3,2854
23.6,68.4,2855
23.6,68.5,2856
23.6,68.6,2857
23.8,60,2891
23.8,60.1,2892
23.8,60.2,2893
23.8,60.3,2894
23.8,60.4,2895
23.8,60.5,2896
23.8,60.6,2897
23.8,60.7,2898
23.8,60.8,2899
23.8,60.9,2900
23.8,61,2901
23.8,61.1,2902
23.8,61.2,2903
23.8,61.3,2904
23.8,61.4,2905
23.8,61.5,2906
23.8,61.6,2907
23.8,61.7,2908
23.8,61.8,2909
23.8,61.9,2910
23.8,62,2911
23.8,62.1,2912
23.8,62.2,2913
23.8,62.3,2914
23.8,62.4,2915
23.8,62.5,2916
23.8,62.6,2917
23.8,62.7,2918
23.8,62.8,2919
23.8,62.9,2920
23.8,63,2921
23.8,63.1,2922
23.8,63.2,2923
23.8,63.3,2924
23.8,63.4,2925
23.8,63.5,2926
23.8,63.6,2927
23.8,63.7,2928
23.8,63.8,2929
23.8,63.9,2930
23.8,64,2931
23.8,64.1,2932
23.8,66.2,2953
23.8,66.3,2954
23.8,66.4,2955
23.8,66.5,2956
23.8,67,2961
23.8,67.1,2962
23.8,67.2,2963
23.8,67.3,2964
23.8,67.4,2965
23.8,67.5,2966
23.8,67.6,2967
23.8,67.7,2968
23.8,67.8,2969
23.8,67.9,2970
23.8,68,2971
23.8,68.1,2972
23.8,68.2,2973
23.8,68.3,2974
23.8,68.4,2975
23.8,68.5,2976
23.8,68.6,2977
23.8,68.7,2978
24,60.1,3012
24,60.2,3013
24,60.3,3014
24,60.4,3015
24,60.5,3016
24,60.6,3017
24,60.7,3018
24,60.8,3019
24,60.9,3020
24,61,3021
24,61.1,3022
24,61.2,3023
24,61.3,3024
24,61.4,3025
24,61.5,3026
24,61.6,3027
24,61.7,3028
24,61.8,3029
24,61.9,3030
24,62,3031
24,62.1,3032
24,62.2,3033
24,62.3,3034
24,62.4,3035
24,62.5,3036
24,62.6,3037
24,62.7,3038
24,62.8,3039
24,62.9,3040
24,63,3041
24,63.1,3042
24,63.2,3043
24,63.3,3044
24,63.4,3045
24,63.5,3046
24,63.6,3047
24,63.7,3048
24,63.8,3049
24,63.9,3050
24,64,3051
24,64.1,3052
24,64.2,3053
24,66.1,3072
24,66.2,3073
24,66.3,3074
24,66.4,3075
24,66.5,3076
24,66.6,3077
24,66.7,3078
24,66.8,3079
24,66.9,3080
24,67,3081
24,67.1,3082
24,67.2,3083
24,67.3,3084
24,67.4,3085
24,67.5,3086
24,67.6,3087
24,67.7,3088
24,67.8,3089
24,67.9,3090
24,68,3091
24,68.1,3092
24,68.2,3093
24,68.3,3094
24,68.4,3095
24,68.5,3096
24,68.6,3097
24,68.7,3098
24.2,60.1,3132
24.2,60.2,3133
24.2,60.3,3134
24.2,60.4,3135
24.2,60.5,3136
24.2,60.6,3137
24.2,60.7,3138
24.2,60.8,3139
24.2,60.9,3140
24.2,61,3141
24.2,61.1,3142
24.2,61.2,3143
24.2,61.3,3144
24.2,61.4,3145
24.2,61.5,3146
24.2,61.6,3147
24.2,61.7,3148
24.2,61.8,3149
24.2,61.9,3150
24.2,62,3151
24.2,62.1,3152
24.2,62.2,3153
24.2,62.3,3154
24.2,62.4,3155
24.2,62.5,3156
24.2,62.6,3157
24.2,62.7,3158
24.2,62.8,3159
24.2,62.9,3160
24.2,63,3161
24.2,63.1,3162
24.2,63.2,3163
24.2,63.3,3164
24.2,63.4,3165
24.2,63.5,3166
24.2,63.6,3167
24.2,63.7,3168
24.2,63.8,3169
24.2,63.9,3170
24.2,64,3171
24.2,64.1,3172
24.2,64.2,3173
24.2,64.3,3174
24.2,64.4,3175
24.2,65.9,3190
24.2,66,3191
24.2,66.1,3192
24.2,66.2,3193
24.2,66.3,3194
24.2,66.4,3195
24.2,66.5,3196
24.2,66.6,3197
24.2,66.7,3198
24.2,66.8,3199
24.2,66.9,3200
24.2,67,3201
24.2,67.1,3202
24.2,67.2,3203
24.2,67.3,3204
24.2,67.4,3205
24.2,67.5,3206
24.2,67.6,3207
24.2,67.7,3208
24.2,67.8,3209
24.2,67.9,3210
24.2,68,3211
24.2,68.1,3212
24.2,68.2,3213
24.2,68.3,3214
24.2,68.4,3215
24.2,68.5,3216
24.2,68.6,3217
24.2,68.7,3218
24.4,60.1,3252
24.4,60.2,3253
24.4,60.3,3254
24.4,60.4,3255
24.4,60.5,3256
24.4,60.6,3257
24.4,60.7,3258
24.4,60.8,3259
24.4,60.9,3260
24.4,61,3261
24.4,61.1,3262
24.4,61.2,3263
24.4,61.3,3264
24.4,61.4,3265
24.4,61.5,3266
24.4,61.6,3267
24.4,61.7,3268
24.4,61.8,3269
24.4,61.9,3270
24.4,62,3271
24.4,62.1,3272
24.4,62.2,3273
24.4,62.3,3274
24.4,62.4,3275
24.4,62.5,3276
24.4,62.6,3277
24.4,62.7,3278
24.4,62.8,3279
24.4,62.9,3280
24.4,63,3281
24.4,63.1,3282
24.4,63.2,3283
24.4,63.3,3284
24.4,63.4,3285
24.4,63.5,3286
24.4,63.6,3287
24.4,63.7,3288
24.4,63.8,3289
24.4,63.9,3290
24.4,64,3291
24.4,64.1,3292
24.4,64.2,3293
24.4,64.3,3294
24.4,64.4,3295
24.4,64.5,3296
24.4,65.8,3309
24.4,65.9,3310
24.4,66,3311
24.4,66.1,3312
24.4,66.2,3313
24.4,66.3,3314
24.4,66.4,3315
24.4,66.5,3316
24.4,66.6,3317
24.4,66.7,3318
24.4,66.8,3319
24.4,66.9,3320
24.4,67,3321
24.4,67.1,3322
24.4,67.2,3323
24.4,67.3,3324
24.4,67.4,3325
24.4,67.5,3326
24.4,67.6,3327
24.4,67.7,3328
24.4,67.8,3329
24.4,67.9,3330
24.4,68,3331
24.4,68.1,3332
24.4,68.2,3333
24.4,68.3,3334
24.4,68.4,3335
24.4,68.5,3336
24.4,68.6,3337
24.4,68.7,3338
24.6,60.2,3373
24.6,60.3,3374
24.6,60.4,3375
24.6,60.5,3376
24.6,60.6,3377
24.6,60.7,3378
24.6,60.8,3379
24.6,60.9,3380
24.6,61,3381
24.6,61.1,3382
24.6,61.2,3383
24.6,61.3,3384
24.6,61.4,3385
24.6,61.5,3386
24.6,61.6,3387
24.6,61.7,3388
24.6,61.8,3389
24.6,61.9,3390
24.6,62,3391
24.6,62.1,3392
24.6,62.2,3393
24.6,62.3,3394
24.6,62.4,3395
24.6,62.5,3396
24.6,62.6,3397
24.6,62.7,3398
24.6,62.8,3399
24.6,62.9,3400
24.6,63,3401
24.6,63.1,3402
24.6,63.2,3403
24.6,63.3,3404
24.6,63.4,3405
24.6,63.5,3406
24.6,63.6,3407
24.6,63.7,3408
24.6,63.8,3409
24.6,63.9,3410
24.6,64,3411
24.6,64.1,3412
24.6,64.2,3413
24.6,64.3,3414
24.6,64.4,3415
24.6,64.5,3416
24.6,64.6,3417
24.6,64.7,3418
24.6,65.9,3430
24.6,66,3431
24.6,66.1,3432
24.6,66.2,3433
24.6,66.3,3434
24.6,66.4,3435
24.6,66.5,3436
24.6,66.6,3437
24.6,66.7,3438
24.6,66.8,3439
24.6,66.9,3440
24.6,67,3441
24.6,67.1,3442
24.6,67.2,3443
24.6,67.3,3444
24.6,67.4,3445
24.6,67.5,3446
24.6,67.6,3447
24.6,67.7,3448
24.6,67.8,3449
24.6,67.9,3450
24.6,68,3451
24.6,68.1,3452
24.6,68.2,3453
24.6,68.3,3454
24.6,68.4,3455
24.6,68.5,3456
24.6,68.6,3457
24.8,60.2,3493
24.8,60.3,3494
24.8,60.4,3495
24.8,60.5,3496
24.8,60.6,3497
24.8,60.7,3498
24.8,60.8,3499
24.8,60.9,3500
24.8,61,3501
24.8,61.1,3502
24.8,61.2,3503
24.8,61.3,3504
24.8,61.4,3505
24.8,61.5,3506
24.8,61.6,3507
24.8,61.7,3508
24.8,61.8,3509
24.8,61.9,3510
24.8,62,3511
24.8,62.1,3512
24.8,62.2,3513
24.8,62.3,3514
24.8,62.4,3515
24.8,62.5,3516
24.8,62.6,3517
24.8,62.7,3518
24.8,62.8,3519
24.8,62.9,3520
24.8,63,3521
24.8,63.1,3522
24.8,63.2,3523
24.8,63.3,3524
24.8,63.4,3525
24.8,63.5,3526
24.8,63.6,3527
24.8,63.7,3528
24.8,63.8,3529
24.8,63.9,3530
24.8,64,3531
24.8,64.1,3532
24.8,64.2,3533
24.8,64.3,3534
24.8,64.4,3535
24.8,64.5,3536
24.8,64.6,3537
24.8,64.7,3538
24.8,64.8,3539
24.8,65.7,3548
24.8,65.8,3549
24.8,65.9,3550
24.8,66,3551
24.8,66.1,3552
24.8,66.2,3553
24.8,66.3,3554
24.8,66.4,3555
24.8,66.5,3556
24.8,66.6,3557
24.8,66.7,3558
24.8,66.8,3559
24.8,66.9,3560
24.8,67,3561
24.8,67.1,3562
24.8,67.2,3563
24.8,67.3,3564
24.8,67.4,3565
24.8,67.5,3566
24.8,67.6,3567
24.8,67.7,3568
24.8,67.8,3569
24.8,67.9,3570
24.8,68,3571
24.8,68.1,3572
24.8,68.2,3573
24.8,68.3,3574
24.8,68.4,3575
24.8,68.5,3576
24.8,68.6,3577
25,60.3,3614
25,60.4,3615
25,60.5,3616
25,60.6,3617
25,60.7,3618
25,60.8,3619
25,60.9,3620
25,61,3621
25,61.1,3622
25,61.2,3623
25,61.3,3624
25,61.4,3625
25,61.5,3626
25,61.6,3627
25,61.7,3628
25,61.8,3629
25,61.9,3630
25,62,3631
25,62.1,3632
25,62.2,3633
25,62.3,3634
25,62.4,3635
25,62.5,3636
25,62.6,3637
25,62.7,3638
25,62.8,3639
25,62.9,3640
25,63,3641
25,63.1,3642
25,63.2,3643
25,63.3,3644
25,63.4,3645
25,63.5,3646
25,63.6,3647
25,63.7,3648
25,63.8,3649
25,63.9,3650
25,64,3651
25,64.1,3652
25,64.2,3653
25,64.3,3654
25,64.4,3655
25,64.5,3656
25,64.6,3657
25,64.7,3658
25,64.8,3659
25,65.7,3668
25,65.8,3669
25,65.9,3670
25,66,3671
25,66.1,3672
25,66.2,3673
25,66.3,3674
25,66.4,3675
25,66.5,3676
25,66.6,3677
25,66.7,3678
25,66.8,3679
25,66.9,3680
25,67,3681
25,67.1,3682
25,67.2,3683
25,67.3,3684
25,67.4,3685
25,67.5,3686
25,67.6,3687
25,67.7,3688
25,67.8,3689
25,67.9,3690
25,68,3691
25,68.1,3692
25,68.2,3693
25,68.3,3694
25,68.4,3695
25,68.5,3696
25,68.6,3697
25.2,60.3,3734
25.2,60.4,3735
25.2,60.5,3736
25.2,60.6,3737
25.2,60.7,3738
25.2,60.8,3739
25.2,60.9,3740
25.2,61,3741
25.2,61.1,3742
25.2,61.2,3743
25.2,61.3,3744
25.2,61.4,3745
25.2,61.5,3746
25.2,61.6,3747
25.2,61.7,3748
25.2,61.8,3749
25.2,61.9,3750
25.2,62,3751
25.2,62.1,3752
25.2,62.2,3753
25.2,62.3,3754
25.2,62.4,3755
25.2,62.5,3756
25.2,62.6,3757
25.2,62.7,3758
25.2,62.8,3759
25.2,62.9,3760
25.2,63,3761
25.2,63.1,3762
25.2,63.2,3763
25.2,63.3,3764
25.2,63.4,3765
25.2,63.5,3766
25.2,63.6,3767
25.2,63.7,3768
25.2,63.8,3769
25.2,63.9,3770
25.2,64,3771
25.2,64.1,3772
25.2,64.2,3773
25.2,64.3,3774
25.2,64.4,3775
25.2,64.5,3776
25.2,64.6,3777
25.2,64.7,3778
25.2,64.8,3779
25.2,65.6,3787
25.2,65.7,3788
25.2,65.8,3789
25.2,65.9,3790
25.2,66,3791
25.2,66.1,3792
25.2,66.2,3793
25.2,66.3,3794
25.2,66.4,3795
25.2,66.5,3796
25.2,66.6,3797
25.2,66.7,3798
25.2,66.8,3799
25.2,66.9,3800
25.2,67,3801
25.2,67.1,3802
25.2,67.2,3803
25.2,67.3,3804
25.2,67.4,3805
25.2,67.5,3806
25.2,67.6,3807
25.2,67.7,3808
25.2,67.8,3809
25.2,67.9,3810
25.2,68,3811
25.2,68.1,3812
25.2,68.2,3813
25.2,68.3,3814
25.2,68.4,3815
25.2,68.5,3816
25.2,68.6,3817
25.2,68.7,3818
25.4,60.3,3854
25.4,60.4,3855
25.4,60.5,3856
25.4,60.6,3857
25.4,60.7,3858
25.4,60.8,3859
25.4,60.9,3860
25.4,61,3861
25.4,61.1,3862
25.4,61.2,3863
25.4,61.3,3864
25.4,61.4,3865
25.4,61.5,3866
25.4,61.6,3867
25.4,61.7,3868
25.4,61.8,3869
25.4,61.9,3870
25.4,62,3871
25.4,62.1,3872
25.4,62.2,3873
25.4,62.3,3874
25.4,62.4,3875
25.4,62.5,3876
25.4,62.6,3877
25.4,62.7,3878
25.4,62.8,3879
25.4,62.9,3880
25.4,63,3881
25.4,63.1,3882
25.4,63.2,3883
25.4,63.3,3884
25.4,63.4,3885
25.4,63.5,3886
25.4,63.6,3887
25.4,63.7,3888
25.4,63.8,3889
25.4,63.9,3890
25.4,64,3891
25.4,64.1,3892
25.4,64.2,3893
25.4,64.3,3894
25.4,64.4,3895
25.4,64.5,3896
25.4,64.6,3897
25.4,64.7,3898
25.4,64.8,3899
25.4,64.9,3900
25.4,65,3901
25.4,65.1,3902
25.4,65.2,3903
25.4,65.3,3904
25.4,65.4,3905
25.4,65.5,3906
25.4,65.6,3907
25.4,65.7,3908
25.4,65.8,3909
25.4,65.9,3910
25.4,66,3911
25.4,66.1,3912
25.4,66.2,3913
25.4,66.3,3914
25.4,66.4,3915
25.4,66.5,3916
25.4,66.6,3917
25.4,66.7,3918
25.4,66.8,3919
25.4,66.9,3920
25.4,67,3921
25.4,67.1,3922
25.4,67.2,3923
25.4,67.3,3924
25.4,67.4,3925
25.4,67.5,3926
25.4,67.6,3927
25.4,67.7,3928
25.4,67.8,3929
25.4,67.9,3930
25.4,68,3931
25.4,68.1,3932
25.4,68.2,3933
25.4,68.3,3934
25.4,68.4,3935
25.4,68.5,3936
25.4,68.6,3937
25.4,68.7,3938
25.4,68.8,3939
25.6,60.4,3975
25.6,60.5,3976
25.6,60.6,3977
25.6,60.7,3978
25.6,60.8,3979
25.6,60.9,3980
25.6,61,3981
25.6,61.1,3982
25.6,61.2,3983
25.6,61.3,3984
25.6,61.4,3985
25.6,61.5,3986
25.6,61.6,3987
25.6,61.7,3988
25.6,61.8,3989
25.6,61.9,3990
25.6,62,3991
25.6,62.1,3992
25.6,62.2,3993
25.6,62.3,3994
25.6,62.4,3995
25.6,62.5,3996
25.6,62.6,3997
25.6,62.7,3998
25.6,62.8,3999
25.6,62.9,4000
25.6,63,4001
25.6,63.1,4002
25.6,63.2,4003
25.6,63.3,4004
25.6,63.4,4005
25.6,63.5,4006
25.6,63.6,4007
25.6,63.7,4008
25.6,63.8,4009
25.6,63.9,4010
25.6,64,4011
25.6,64.1,4012
25.6,64.2,4013
25.6,64.3,4014
25.6,64.4,4015
25.6,64.5,4016
25.6,64.6,4017
25.6,64.7,4018
25.6,64.8,4019
25.6,64.9,4020
25.6,65,4021
25.6,65.1,4022
25.6,65.2,4023
25.6,65.3,4024
25.6,65.4,4025
25.6,65.5,4026
25.6,65.6,4027
25.6,65.7,4028
25.6,65.8,4029
25.6,65.9,4030
25.6,66,4031
25.6,66.1,4032
25.6,66.2,4033
25.6,66.3,4034
25.6,66.4,4035
25.6,66.5,4036
25.6,66.6,4037
25.6,66.7,4038
25.6,66.8,4039
25.6,66.9,4040
25.6,67,4041
25.6,67.1,4042
25.6,67.2,4043
25.6,67.3,4044
25.6,67.4,4045
25.6,67.5,4046
25.6,67.6,4047
25.6,67.7,4048
25.6,67.8,4049
25.6,67.9,4050
25.6,68,4051
25.6,68.1,4052
25.6,68.2,4053
25.6,68.3,4054
25.6,68.4,4055
25.6,68.5,4056
25.6,68.6,4057
25.6,68.7,4058
25.6,68.8,4059
25.8,60.4,4095
25.8,60.5,4096
25.8,60.6,4097
25.8,60.7,4098
25.8,60.8,4099
25.8,60.9,4100
25.8,61,4101
25.8,61.1,4102
25.8,61.2,4103
25.8,61.3,4104
25.8,61.4,4105
25.8,61.5,4106
25.8,61.6,4107
25.8,61.7,4108
25.8,61.8,4109
25.8,61.9,4110
25.8,62,4111
25.8,62.1,4112
25.8,62.2,4113
25.8,62.3,4114
25.8,62.4,4115
25.8,62.5,4116
25.8,62.6,4117
25.8,62.7,4118
25.8,62.8,4119
25.8,62.9,4120
25.8,63,4121
25.8,63.1,4122
25.8,63.2,4123
25.8,63.3,4124
25.8,63.4,4125
25.8,63.5,4126
25.8,63.6,4127
25.8,63.7,4128
25.8,63.8,4129
25.8,63.9,4130
25.8,64,4131
25.8,64.1,4132
25.8,64.2,4133
25.8,64.3,4134
25.8,64.4,4135
25.8,64.5,4136
25.8,64.6,4137
25.8,64.7,4138
25.8,64.8,4139
25.8,64.9,4140
25.8,65,4141
25.8,65.1,4142
25.8,65.2,4143
25.8,65.3,4144
25.8,65.4,4145
25.8,65.5,4146
25.8,65.6,4147
25.8,65.7,4148
25.8,65.8,4149
25.8,65.9,4150
25.8,66,4151
25.8,66.1,4152
25.8,66.2,4153
25.8,66.3,4154
25.8,66.4,4155
25.8,66.5,4156
25.8,66.6,4157
25.8,66.7,4158
25.8,66.8,4159
25.8,66.9,4160
25.8,67,4161
25.8,67.1,4162
25.8,67.2,4163
25.8,67.3,4164
25.8,67.4,4165
25.8,67.5,4166
25.8,67.6,4167
25.8,67.7,4168
25.8,67.8,4169
25.8,67.9,4170
25.8,68,4171
25.8,68.1,4172
25.8,68.2,4173
25.8,68.3,4174
25.8,68.4,4175
25.8,68.5,4176
25.8,68.6,4177
25.8,68.7,4178
25.8,68.8,4179
25.8,68.9,4180
25.8,69,4181
25.8,69.1,4182
25.8,69.2,4183
25.8,69.3,4184
26,60.4,4215
26,60.5,4216
26,60.6,4217
26,60.7,4218
26,60.8,4219
26,60.9,4220
26,61,4221
26,61.1,4222
26,61.2,4223
26,61.3,4224
26,61.4,4225
26,61.5,4226
26,61.6,4227
26,61.7,4228
26,61.8,4229
26,61.9,4230
26,62,4231
26,62.1,4232
26,62.2,4233
26,62.3,4234
26,62.4,4235
26,62.5,4236
26,62.6,4237
26,62.7,4238
26,62.8,4239
26,62.9,4240
26,63,4241
26,63.1,4242
26,63.2,4243
26,63.3,4244
26,63.4,4245
26,63.5,4246
26,63.6,4247
26,63.7,4248
26,63.8,4249
26,63.9,4250
26,64,4251
26,64.1,4252
26,64.2,4253
26,64.3,4254
26,64.4,4255
26,64.5,4256
26,64.6,4257
26,64.7,4258
26,64.8,4259
26,64.9,4260
26,65,4261
26,65.1,4262
26,65.2,4263
26,65.3,4264
26,65.4,4265
26,65.5,4266
26,65.6,4267
26,65.7,4268
26,65.8,4269
26,65.9,4270
26,66,4271
26,66.1,4272
26,66.2,4273
26,66.3,4274
26,66.4,4275
26,66.5,4276
26,66.6,4277
26,66.7,4278
26,66.8,4279
26,66.9,4280
26,67,4281
26,67.1,4282
26,67.2,4283
26,67.3,4284
26,67.4,4285
26,67.5,4286
26,67.6,4287
26,67.7,4288
26,67.8,4289
26,67.9,4290
26,68,4291
26,68.1,4292
26,68.2,4293
26,68.3,4294
26,68.4,4295
26,68.5,4296
26,68.6,4297
26,68.7,4298
26,68.8,4299
26,68.9,4300
26,69,4301
26,69.1,4302
26,69.2,4303
26,69.3,4304
26,69.4,4305
26,69.5,4306
26,69.6,4307
26.2,60.5,4336
26.2,60.6,4337
26.2,60.7,4338
26.2,60.8,4339
26.2,60.9,4340
26.2,61,4341
26.2,61.1,4342
26.2,61.2,4343
26.2,61.3,4344
26.2,61.4,4345
26.2,61.5,4346
26.2,61.6,4347
26.2,61.7,4348
26.2,61.8,4349
26.2,61.9,4350
26.2,62,4351
26.2,62.1,4352
26.2,62.2,4353
26.2,62.3,4354
26.2,62.4,4355
26.2,62.5,4356
26.2,62.6,4357
26.2,62.7,4358
26.2,62.8,4359
26.2,62.9,4360
26.2,63,4361
26.2,63.1,4362
26.2,63.2,4363
26.2,63.3,4364
26.2,63.4,4365
26.2,63.5,4366
26.2,63.6,4367
26.2,63.7,4368
26.2,63.8,4369
26.2,63.9,4370
26.2,64,4371
26.2,64.1,4372
26.2,64.2,4373
26.2,64.3,4374
26.2,64.4,4375
26.2,64.5,4376
26.2,64.6,4377
26.2,64.7,4378
26.2,64.8,4379
26.2,64.9,4380
26.2,65,4381
26.2,65.1,4382
26.2,65.2,4383
26.2,65.3,4384
26.2,65.4,4385
26.2,65.5,4386
26.2,65.6,4387
26.2,65.7,4388
26.2,65.8,4389
26.2,65.9,4390
26.2,66,4391
26.2,66.1,4392
26.2,66.2,4393
26.2,66.3,4394
26.2,66.4,4395
26.2,66.5,4396
26.2,66.6,4397
26.2,66.7,4398
26.2,66.8,4399
26.2,66.9,4400
26.2,67,4401
26.2,67.1,4402
26.2,67.2,4403
26.2,67.3,4404
26.2,67.4,4405
26.2,67.5,4406
26.2,67.6,4407
26.2,67.7,4408
26.2,67.8,4409
26.2,67.9,4410
26.2,68,4411
26.2,68.1,4412
26.2,68.2,4413
26.2,68.3,4414
26.2,68.4,4415
26.2,68.5,4416
26.2,68.6,4417
26.2,68.7,4418
26.2,68.8,4419
26.2,68.9,4420
26.2,69,4421
26.2,69.1,4422
26.2,69.2,4423
26.2,69.3,4424
26.2,69.4,4425
26.2,69.5,4426
26.2,69.6,4427
26.2,69.7,4428
26.4,60.5,4456
26.4,60.6,4457
26.4,60.7,4458
26.4,60.8,4459
26.4,60.9,4460
26.4,61,4461
26.4,61.1,4462
26.4,61.2,4463
26.4,61.3,4464
26.4,61.4,4465
26.4,61.5,4466
26.4,61.6,4467
26.4,61.7,4468
26.4,61.8,4469
26.4,61.9,4470
26.4,62,4471
26.4,62.1,4472
26.4,62.2,4473
26.4,62.3,4474
26.4,62.4,4475
26.4,62.5,4476
26.4,62.6,4477
26.4,62.7,4478
26.4,62.8,4479
26.4,62.9,4480
26.4,63,4481
26.4,63.1,4482
26.4,63.2,4483
26.4,63.3,4484
26.4,63.4,4485
26.4,63.5,4486
26.4,63.6,4487
26.4,63.7,4488
26.4,63.8,4489
26.4,63.9,4490
26.4,64,4491
26.4,64.1,4492
26.4,64.2,4493
26.4,64.3,4494
26.4,64.4,4495
26.4,64.5,4496
26.4,64.6,4497
26.4,64.7,4498
26.4,64.8,4499
26.4,64.9,4500
26.4,65,4501
26.4,65.1,4502
26.4,65.2,4503
26.4,65.3,4504
26.4,65.4,4505
26.4,65.5,4506
26.4,65.6,4507
26.4,65.7,4508
26.4,65.8,4509
26.4,65.9,4510
26.4,66,4511
26.4,66.1,4512
26.4,66.2,4513
26.4,66.3,4514
26.4,66.4,4515
26.4,66.5,4516
26.4,66.6,4517
26.4,66.7,4518
26.4,66.8,4519
26.4,66.9,4520
26.4,67,4521
26.4,67.1,4522
26.4,67.2,4523
26.4,67.3,4524
26.4,67.4,4525
26.4,67.5,4526
26.4,67.6,4527
26.4,67.7,4528
26.4,67.8,4529
26.4,67.9,4530
26.4,68,4531
26.4,68.1,4532
26.4,68.2,4533
26.4,68.3,4534
26.4,68.4,4535
26.4,68.5,4536
26.4,68.6,4537
26.4,68.7,4538
26.4,68.8,4539
26.4,68.9,4540
26.4,69,4541
26.4,69.1,4542
26.4,69.2,4543
26.4,69.3,4544
26.4,69.4,4545
26.4,69.5,4546
26.4,69.6,4547
26.4,69.7,4548
26.4,69.8,4549
26.6,60.5,4576
26.6,60.6,4577
26.6,60.7,4578
26.6,60.8,4579
26.6,60.9,4580
26.6,61,4581
26.6,61.1,4582
26.6,61.2,4583
26.6,61.3,4584
26.6,61.4,4585
26.6,61.5,4586
26.6,61.6,4587
26.6,61.7,4588
26.6,61.8,4589
26.6,61.9,4590
26.6,62,4591
26.6,62.1,4592
26.6,62.2,4593
26.6,62.3,4594
26.6,62.4,4595
26.6,62.5,4596
26.6,62.6,4597
26.6,62.7,4598
26.6,62.8,4599
26.6,62.9,4600
26.6,63,4601
26.6,63.1,4602
26.6,63.2,4603
26.6,63.3,4604
26.6,63.4,4605
26.6,63.5,4606
26.6,63.6,4607
26.6,63.7,4608
26.6,63.8,4609
26.6,63.9,4610
26.6,64,4611
26.6,64.1,4612
26.6,64.2,4613
26.6,64.3,4614
26.6,64.4,4615
26.6,64.5,4616
26.6,64.6,4617
26.6,64.7,4618
26.6,64.8,4619
26.6,64.9,4620
26.6,65,4621
26.6,65.1,4622
26.6,65.2,4623
26.6,65.3,4624
26.6,65.4,4625
26.6,65.5,4626
26.6,65.6,4627
26.6,65.7,4628
26.6,65.8,4629
26.6,65.9,4630
26.6,66,4631
26.6,66.1,4632
26.6,66.2,4633
26.6,66.3,4634
26.6,66.4,4635
26.6,66.5,4636
26.6,66.6,4637
26.6,66.7,4638
26.6,66.8,4639
26.6,66.9,4640
26.6,67,4641
26.6,67.1,4642
26.6,67.2,4643
26.6,67.3,4644
26.6,67.4,4645
26.6,67.5,4646
26.6,67.6,4647
26.6,67.7,4648
26.6,67.8,4649
26.6,67.9,4650
26.6,68,4651
26.6,68.1,4652
26.6,68.2,4653
26.6,68.3,4654
26.6,68.4,4655
26.6,68.5,4656
26.6,68.6,4657
26.6,68.7,4658
26.6,68.8,4659
26.6,68.9,4660
26.6,69,4661
26.6,69.1,4662
26.6,69.2,4663
26.6,69.3,4664
26.6,69.4,4665
26.6,69.5,4666
26.6,69.6,4667
26.6,69.7,4668
26.6,69.8,4669
26.6,69.9,4670
26.8,60.5,4696
26.8,60.6,4697
26.8,60.7,4698
26.8,60.8,4699
26.8,60.9,4700
26.8,61,4701
26.8,61.1,4702
26.8,61.2,4703
26.8,61.3,4704
26.8,61.4,4705
26.8,61.5,4706
26.8,61.6,4707
26.8,61.7,4708
26.8,61.8,4709
26.8,61.9,4710
26.8,62,4711
26.8,62.1,4712
26.8,62.2,4713
26.8,62.3,4714
26.8,62.4,4715
26.8,62.5,4716
26.8,62.6,4717
26.8,62.7,4718
26.8,62.8,4719
26.8,62.9,4720
26.8,63,4721
26.8,63.1,4722
26.8,63.2,4723
26.8,63.3,4724
26.8,63.4,4725
26.8,63.5,4726
26.8,63.6,4727
26.8,63.7,4728
26.8,63.8,4729
26.8,63.9,4730
26.8,64,4731
26.8,64.1,4732
26.8,64.2,4733
26.8,64.3,4734
26.8,64.4,4735
26.8,64.5,4736
26.8,64.6,4737
26.8,64.7,4738
26.8,64.8,4739
26.8,64.9,4740
26.8,65,4741
26.8,65.1,4742
26.8,65.2,4743
26.8,65.3,4744
26.8,65.4,4745
26.8,65.5,4746
26.8,65.6,4747
26.8,65.7,4748
26.8,65.8,4749
26.8,65.9,4750
26.8,66,4751
26.8,66.1,4752
26.8,66.2,4753
26.8,66.3,4754
26.8,66.4,4755
26.8,66.5,4756
26.8,66.6,4757
26.8,66.7,4758
26.8,66.8,4759
26.8,66.9,4760
26.8,67,4761
26.8,67.1,4762
26.8,67.2,4763
26.8,67.3,4764
26.8,67.4,4765
26.8,67.5,4766
26.8,67.6,4767
26.8,67.7,4768
26.8,67.8,4769
26.8,67.9,4770
26.8,68,4771
26.8,68.1,4772
26.8,68.2,4773
26.8,68.3,4774
26.8,68.4,4775
26.8,68.5,4776
26.8,68.6,4777
26.8,68.7,4778
26.8,68.8,4779
26.8,68.9,4780
26.8,69,4781
26.8,69.1,4782
26.8,69.2,4783
26.8,69.3,4784
26.8,69.4,4785
26.8,69.5,4786
26.8,69.6,4787
26.8,69.7,4788
26.8,69.8,4789
26.8,69.9,4790
27,60.5,4816
27,60.6,4817
27,60.7,4818
27,60.8,4819
27,60.9,4820
27,61,4821
27,61.1,4822
27,61.2,4823
27,61.3,4824
27,61.4,4825
27,61.5,4826
27,61.6,4827
27,61.7,4828
27,61.8,4829
27,61.9,4830
27,62,4831
27,62.1,4832
27,62.2,4833
27,62.3,4834
27,62.4,4835
27,62.5,4836
27,62.6,4837
27,62.7,4838
27,62.8,4839
27,62.9,4840
27,63,4841
27,63.1,4842
27,63.2,4843
27,63.3,4844
27,63.4,4845
27,63.5,4846
27,63.6,4847
27,63.7,4848
27,63.8,4849
27,63.9,4850
27,64,4851
27,64.1,4852
27,64.2,4853
27,64.3,4854
27,64.4,4855
27,64.5,4856
27,64.6,4857
27,64.7,4858
27,64.8,4859
27,64.9,4860
27,65,4861
27,65.1,4862
27,65.2,4863
27,65.3,4864
27,65.4,4865
27,65.5,4866
27,65.6,4867
27,65.7,4868
27,65.8,4869
27,65.9,4870
27,66,4871
27,66.1,4872
27,66.2,4873
27,66.3,4874
27,66.4,4875
27,66.5,4876
27,66.6,4877
27,66.7,4878
27,66.8,4879
27,66.9,4880
27,67,4881
27,67.1,4882
27,67.2,4883
27,67.3,4884
27,67.4,4885
27,67.5,4886
27,67.6,4887
27,67.7,4888
27,67.8,4889
27,67.9,4890
27,68,4891
27,68.1,4892
27,68.2,4893
27,68.3,4894
27,68.4,4895
27,68.5,4896
27,68.6,4897
27,68.7,4898
27,68.8,4899
27,68.9,4900
27,69,4901
27,69.1,4902
27,69.2,4903
27,69.3,4904
27,69.4,4905
27,69.5,4906
27,69.6,4907
27,69.7,4908
27,69.8,4909
27,69.9,4910
27.2,60.6,4937
27.2,60.7,4938
27.2,60.8,4939
27.2,60.9,4940
27.2,61,4941
27.2,61.1,4942
27.2,61.2,4943
27.2,61.3,4944
27.2,61.4,4945
27.2,61.5,4946
27.2,61.6,4947
27.2,61.7,4948
27.2,61.8,4949
27.2,61.9,4950
27.2,62,4951
27.2,62.1,4952
27.2,62.2,4953
27.2,62.3,4954
27.2,62.4,4955
27.2,62.5,4956
27.2,62.6,4957
27.2,62.7,4958
27.2,62.8,4959
27.2,62.9,4960
27.2,63,4961
27.2,63.1,4962
27.2,63.2,4963
27.2,63.3,4964
27.2,63.4,4965
27.2,63.5,4966
27.2,63.6,4967
27.2,63.7,4968
27.2,63.8,4969
27.2,63.9,4970
27.2,64,4971
27.2,64.1,4972
27.2,64.2,4973
27.2,64.3,4974
27.2,64.4,4975
27.2,64.5,4976
27.2,64.6,4977
27.2,64.7,4978
27.2,64.8,4979
27.2,64.9,4980
27.2,65,4981
27.2,65.1,4982
27.2,65.2,4983
27.2,65.3,4984
27.2,65.4,4985
27.2,65.5,4986
27.2,65.6,4987
27.2,65.7,4988
27.2,65.8,4989
27.2,65.9,4990
27.2,66,4991
27.2,66.1,4992
27.2,66.2,4993
27.2,66.3,4994
27.2,66.4,4995
27.2,66.5,4996
27.2,66.6,4997
27.2,66.7,4998
27.2,66.8,4999
27.2,66.9,5000
27.2,67,5001
27.2,67.1,5002
27.2,67.2,5003
27.2,67.3,5004
27.2,67.4,5005
27.2,67.5,5006
27.2,67.6,5007
27.2,67.7,5008
27.2,67.8,5009
27.2,67.9,5010
27.2,68,5011
27.2,68.1,5012
27.2,68.2,5013
27.2,68.3,5014
27.2,68.4,5015
27.2,68.5,5016
27.2,68.6,5017
27.2,68.7,5018
27.2,68.8,5019
27.2,68.9,5020
27.2,69,5021
27.2,69.1,5022
27.2,69.2,5023
27.2,69.3,5024
27.2,69.4,5025
27.2,69.5,5026
27.2,69.6,5027
27.2,69.7,5028
27.2,69.8,5029
27.2,69.9,5030
27.4,60.6,5057
27.4,60.7,5058
27.4,60.8,5059
27.4,60.9,5060
27.4,61,5061
27.4,61.1,5062
27.4,61.2,5063
27.4,61.3,5064
27.4,61.4,5065
27.4,61.5,5066
27.4,61.6,5067
27.4,61.7,5068
27.4,61.8,5069
27.4,61.9,5070
27.4,62,5071
27.4,62.1,5072
27.4,62.2,5073
27.4,62.3,5074
27.4,62.4,5075
27.4,62.5,5076
27.4,62.6,5077
27.4,62.7,5078
27.4,62.8,5079
27.4,62.9,5080
27.4,63,5081
27.4,63.1,5082
27.4,63.2,5083
27.4,63.3,5084
27.4,63.4,5085
27.4,63.5,5086
27.4,63.6,5087
27.4,63.7,5088
27.4,63.8,5089
27.4,63.9,5090
27.4,64,5091
27.4,64.1,5092
27.4,64.2,5093
27.4,64.3,5094
27.4,64.4,5095
27.4,64.5,5096
27.4,64.6,5097
27.4,64.7,5098
27.4,64.8,5099
27.4,64.9,5100
27.4,65,5101
27.4,65.1,5102
27.4,65.2,5103
27.4,65.3,5104
27.4,65.4,5105
27.4,65.5,5106
27.4,65.6,5107
27.4,65.7,5108
27.4,65.8,5109
27.4,65.9,5110
27.4,66,5111
27.4,66.1,5112
27.4,66.2,5113
27.4,66.3,5114
27.4,66.4,5115
27.4,66.5,5116
27.4,66.6,5117
27.4,66.7,5118
27.4,66.8,5119
27.4,66.9,5120
27.4,67,5121
27.4,67.1,5122
27.4,67.2,5123
27.4,67.3,5124
27.4,67.4,5125
27.4,67.5,5126
27.4,67.6,5127
27.4,67.7,5128
27.4,67.8,5129
27.4,67.9,5130
27.4,68,5131
27.4,68.1,5132
27.4,68.2,5133
27.4,68.3,5134
27.4,68.4,5135
27.4,68.5,5136
27.4,68.6,5137
27.4,68.7,5138
27.4,68.8,5139
27.4,68.9,5140
27.4,69,5141
27.4,69.1,5142
27.4,69.2,5143
27.4,69.3,5144
27.4,69.4,5145
27.4,69.5,5146
27.4,69.6,5147
27.4,69.7,5148
27.4,69.8,5149
27.4,69.9,5150
27.6,60.6,5177
27.6,60.7,5178
27.6,60.8,5179
27.6,60.9,5180
27.6,61,5181
27.6,61.1,5182
27.6,61.2,5183
27.6,61.3,5184
27.6,61.4,5185
27.6,61.5,5186
27.6,61.6,5187
27.6,61.7,5188
27.6,61.8,5189
27.6,61.9,5190
27.6,62,5191
27.6,62.1,5192
27.6,62.2,5193
27.6,62.3,5194
27.6,62.4,5195
27.6,62.5,5196
27.6,62.6,5197
27.6,62.7,5198
27.6,62.8,5199
27.6,62.9,5200
27.6,63,5201
27.6,63.1,5202
27.6,63.2,5203
27.6,63.3,5204
27.6,63.4,5205
27.6,63.5,5206
27.6,63.6,5207
27.6,63.7,5208
27.6,63.8,5209
27.6,63.9,5210
27.6,64,5211
27.6,64.1,5212
27.6,64.2,5213
27.6,64.3,5214
27.6,64.4,5215
27.6,64.5,5216
27.6,64.6,5217
27.6,64.7,5218
27.6,64.8,5219
27.6,64.9,5220
27.6,65,5221
27.6,65.1,5222
27.6,65.2,5223
27.6,65.3,5224
27.6,65.4,5225
27.6,65.5,5226
27.6,65.6,5227
27.6,65.7,5228
27.6,65.8,5229
27.6,65.9,5230
27.6,66,5231
27.6,66.1,5232
27.6,66.2,5233
27.6,66.3,5234
27.6,66.4,5235
27.6,66.5,5236
27.6,66.6,5237
27.6,66.7,5238
27.6,66.8,5239
27.6,66.9,5240
27.6,67,5241
27.6,67.1,5242
27.6,67.2,5243
27.6,67.3,5244
27.6,67.4,5245
27.6,67.5,5246
27.6,67.6,5247
27.6,67.7,5248
27.6,67.8,5249
27.6,67.9,5250
27.6,68,5251
27.6,68.1,5252
27.6,68.2,5253
27.6,68.3,5254
27.6,68.4,5255
27.6,68.5,5256
27.6,68.6,5257
27.6,68.7,5258
27.6,68.8,5259
27.6,68.9,5260
27.6,69,5261
27.6,69.1,5262
27.6,69.2,5263
27.6,69.3,5264
27.6,69.4,5265
27.6,69.5,5266
27.6,69.6,5267
27.6,69.7,5268
27.6,69.8,5269
27.6,69.9,5270
27.6,70,5271
27.8,60.6,5297
27.8,60.7,5298
27.8,60.8,5299
27.8,60.9,5300
27.8,61,5301
27.8,61.1,5302
27.8,61.2,5303
27.8,61.3,5304
27.8,61.4,5305
27.8,61.5,5306
27.8,61.6,5307
27.8,61.7,5308
27.8,61.8,5309
27.8,61.9,5310
27.8,62,5311
27.8,62.1,5312
27.8,62.2,5313
27.8,62.3,5314
27.8,62.4,5315
27.8,62.5,5316
27.8,62.6,5317
27.8,62.7,5318
27.8,62.8,5319
27.8,62.9,5320
27.8,63,5321
27.8,63.1,5322
27.8,63.2,5323
27.8,63.3,5324
27.8,63.4,5325
27.8,63.5,5326
27.8,63.6,5327
27.8,63.7,5328
27.8,63.8,5329
27.8,63.9,5330
27.8,64,5331
27.8,64.1,5332
27.8,64.2,5333
27.8,64.3,5334
27.8,64.4,5335
27.8,64.5,5336
27.8,64.6,5337
27.8,64.7,5338
27.8,64.8,5339
27.8,64.9,5340
27.8,65,5341
27.8,65.1,5342
27.8,65.2,5343
27.8,65.3,5344
27.8,65.4,5345
27.8,65.5,5346
27.8,65.6,5347
27.8,65.7,5348
27.8,65.8,5349
27.8,65.9,5350
27.8,66,5351
27.8,66.1,5352
27.8,66.2,5353
27.8,66.3,5354
27.8,66.4,5355
27.8,66.5,5356
27.8,66.6,5357
27.8,66.7,5358
27.8,66.8,5359
27.8,66.9,5360
27.8,67,5361
27.8,67.1,5362
27.8,67.2,5363
27.8,67.3,5364
27.8,67.4,5365
27.8,67.5,5366
27.8,67.6,5367
27.8,67.7,5368
27.8,67.8,5369
27.8,67.9,5370
27.8,68,5371
27.8,68.1,5372
27.8,68.2,5373
27.8,68.3,5374
27.8,68.4,5375
27.8,68.5,5376
27.8,68.6,5377
27.8,68.7,5378
27.8,68.8,5379
27.8,68.9,5380
27.8,69,5381
27.8,69.1,5382
27.8,69.2,5383
27.8,69.3,5384
27.8,69.4,5385
27.8,69.5,5386
27.8,69.6,5387
27.8,69.7,5388
27.8,69.8,5389
27.8,69.9,5390
27.8,70,5391
28,60.7,5418
28,60.8,5419
28,60.9,5420
28,61,5421
28,61.1,5422
28,61.2,5423
28,61.3,5424
28,61.4,5425
28,61.5,5426
28,61.6,5427
28,61.7,5428
28,61.8,5429
28,61.9,5430
28,62,5431
28,62.1,5432
28,62.2,5433
28,62.3,5434
28,62.4,5435
28,62.5,5436
28,62.6,5437
28,62.7,5438
28,62.8,5439
28,62.9,5440
28,63,5441
28,63.1,5442
28,63.2,5443
28,63.3,5444
28,63.4,5445
28,63.5,5446
28,63.6,5447
28,63.7,5448
28,63.8,5449
28,63.9,5450
28,64,5451
28,64.1,5452
28,64.2,5453
28,64.3,5454
28,64.4,5455
28,64.5,5456
28,64.6,5457
28,64.7,5458
28,64.8,5459
28,64.9,5460
28,65,5461
28,65.1,5462
28,65.2,5463
28,65.3,5464
28,65.4,5465
28,65.5,5466
28,65.6,5467
28,65.7,5468
28,65.8,5469
28,65.9,5470
28,66,5471
28,66.1,5472
28,66.2,5473
28,66.3,5474
28,66.4,5475
28,66.5,5476
28,66.6,5477
28,66.7,5478
28,66.8,5479
28,66.9,5480
28,67,5481
28,67.1,5482
28,67.2,5483
28,67.3,5484
28,67.4,5485
28,67.5,5486
28,67.6,5487
28,67.7,5488
28,67.8,5489
28,67.9,5490
28,68,5491
28,68.1,5492
28,68.2,5493
28,68.3,5494
28,68.4,5495
28,68.5,5496
28,68.6,5497
28,68.7,5498
28,68.8,5499
28,68.9,5500
28,69,5501
28,69.1,5502
28,69.2,5503
28,69.3,5504
28,69.4,5505
28,69.5,5506
28,69.6,5507
28,69.7,5508
28,69.8,5509
28,69.9,5510
28.2,60.8,5539
28.2,60.9,5540
28.2,61,5541
28.2,61.1,5542
28.2,61.2,5543
28.2,61.3,5544
28.2,61.4,5545
28.2,61.5,5546
28.2,61.6,5547
28.2,61.7,5548
28.2,61.8,5549
28.2,61.9,5550
28.2,62,5551
28.2,62.1,5552
28.2,62.2,5553
28.2,62.3,5554
28.2,62.4,5555
28.2,62.5,5556
28.2,62.6,5557
28.2,62.7,5558
28.2,62.8,5559
28.2,62.9,5560
28.2,63,5561
28.2,63.1,5562
28.2,63.2,5563
28.2,63.3,5564
28.2,63.4,5565
28.2,63.5,5566
28.2,63.6,5567
28.2,63.7,5568
28.2,63.8,5569
28.2,63.9,5570
28.2,64,5571
28.2,64.1,5572
28.2,64.2,5573
28.2,64.3,5574
28.2,64.4,5575
28.2,64.5,5576
28.2,64.6,5577
28.2,64.7,5578
28.2,64.8,5579
28.2,64.9,5580
28.2,65,5581
28.2,65.1,5582
28.2,65.2,5583
28.2,65.3,5584
28.2,65.4,5585
28.2,65.5,5586
28.2,65.6,5587
28.2,65.7,5588
28.2,65.8,5589
28.2,65.9,5590
28.2,66,5591
28.2,66.1,5592
28.2,66.2,5593
28.2,66.3,5594
28.2,66.4,5595
28.2,66.5,5596
28.2,66.6,5597
28.2,66.7,5598
28.2,66.8,5599
28.2,66.9,5600
28.2,67,5601
28.2,67.1,5602
28.2,67.2,5603
28.2,67.3,5604
28.2,67.4,5605
28.2,67.5,5606
28.2,67.6,5607
28.2,67.7,5608
28.2,67.8,5609
28.2,67.9,5610
28.2,68,5611
28.2,68.1,5612
28.2,68.2,5613
28.2,68.3,5614
28.2,68.4,5615
28.2,68.5,5616
28.2,68.6,5617
28.2,68.7,5618
28.2,68.8,5619
28.2,68.9,5620
28.2,69,5621
28.2,69.1,5622
28.2,69.2,5623
28.2,69.3,5624
28.2,69.4,5625
28.2,69.5,5626
28.2,69.6,5627
28.2,69.7,5628
28.2,69.8,5629
28.2,69.9,5630
28.4,60.9,5660
28.4,61,5661
28.4,61.1,5662
28.4,61.2,5663
28.4,61.3,5664
28.4,61.4,5665
28.4,61.5,5666
28.4,61.6,5667
28.4,61.7,5668
28.4,61.8,5669
28.4,61.9,5670
28.4,62,5671
28.4,62.1,5672
28.4,62.2,5673
28.4,62.3,5674
28.4,62.4,5675
28.4,62.5,5676
28.4,62.6,5677
28.4,62.7,5678
28.4,62.8,5679
28.4,62.9,5680
28.4,63,5681
28.4,63.1,5682
28.4,63.2,5683
28.4,63.3,5684
28.4,63.4,5685
28.4,63.5,5686
28.4,63.6,5687
28.4,63.7,5688
28.4,63.8,5689
28.4,63.9,5690
28.4,64,5691
28.4,64.1,5692
28.4,64.2,5693
28.4,64.3,5694
28.4,64.4,5695
28.4,64.5,5696
28.4,64.6,5697
28.4,64.7,5698
28.4,64.8,5699
28.4,64.9,5700
28.4,65,5701
28.4,65.1,5702
28.4,65.2,5703
28.4,65.3,5704
28.4,65.4,5705
28.4,65.5,5706
28.4,65.6,5707
28.4,65.7,5708
28.4,65.8,5709
28.4,65.9,5710
28.4,66,5711
28.4,66.1,5712
28.4,66.2,5713
28.4,66.3,5714
28.4,66.4,5715
28.4,66.5,5716
28.4,66.6,5717
28.4,66.7,5718
28.4,66.8,5719
28.4,66.9,5720
28.4,67,5721
28.4,67.1,5722
28.4,67.2,5723
28.4,67.3,5724
28.4,67.4,5725
28.4,67.5,5726
28.4,67.6,5727
28.4,67.7,5728
28.4,67.8,5729
28.4,67.9,5730
28.4,68,5731
28.4,68.1,5732
28.4,68.2,5733
28.4,68.3,5734
28.4,68.4,5735
28.4,68.5,5736
28.4,68.6,5737
28.4,68.7,5738
28.4,68.8,5739
28.4,68.9,5740
28.4,69,5741
28.4,69.1,5742
28.4,69.2,5743
28.4,69.3,5744
28.4,69.4,5745
28.4,69.5,5746
28.4,69.6,5747
28.4,69.7,5748
28.4,69.8,5749
28.6,61,5781
28.6,61.1,5782
28.6,61.2,5783
28.6,61.3,5784
28.6,61.4,5785
28.6,61.5,5786
28.6,61.6,5787
28.6,61.7,5788
28.6,61.8,5789
28.6,61.9,5790
28.6,62,5791
28.6,62.1,5792
28.6,62.2,5793
28.6,62.3,5794
28.6,62.4,5795
28.6,62.5,5796
28.6,62.6,5797
28.6,62.7,5798
28.6,62.8,5799
28.6,62.9,5800
28.6,63,5801
28.6,63.1,5802
28.6,63.2,5803
28.6,63.3,5804
28.6,63.4,5805
28.6,63.5,5806
28.6,63.6,5807
28.6,63.7,5808
28.6,63.8,5809
28.6,63.9,5810
28.6,64,5811
28.6,64.1,5812
28.6,64.2,5813
28.6,64.3,5814
28.6,64.4,5815
28.6,64.5,5816
28.6,64.6,5817
28.6,64.7,5818
28.6,64.8,5819
28.6,64.9,5820
28.6,65,5821
28.6,65.1,5822
28.6,65.2,5823
28.6,65.3,5824
28.6,65.4,5825
28.6,65.5,5826
28.6,65.6,5827
28.6,65.7,5828
28.6,65.8,5829
28.6,65.9,5830
28.6,66,5831
28.6,66.1,5832
28.6,66.2,5833
28.6,66.3,5834
28.6,66.4,5835
28.6,66.5,5836
28.6,66.6,5837
28.6,66.7,5838
28.6,66.8,5839
28.6,66.9,5840
28.6,67,5841
28.6,67.1,5842
28.6,67.2,5843
28.6,67.3,5844
28.6,67.4,5845
28.6,67.5,5846
28.6,67.6,5847
28.6,67.7,5848
28.6,67.8,5849
28.6,67.9,5850
28.6,68,5851
28.6,68.1,5852
28.6,68.2,5853
28.6,68.7,5858
28.6,68.8,5859
28.6,69,5861
28.6,69.1,5862
28.6,69.2,5863
28.6,69.3,5864
28.6,69.4,5865
28.6,69.5,5866
28.6,69.6,5867
28.6,69.7,5868
28.8,61.1,5902
28.8,61.2,5903
28.8,61.3,5904
28.8,61.4,5905
28.8,61.5,5906
28.8,61.6,5907
28.8,61.7,5908
28.8,61.8,5909
28.8,61.9,5910
28.8,62,5911
28.8,62.1,5912
28.8,62.2,5913
28.8,62.3,5914
28.8,62.4,5915
28.8,62.5,5916
28.8,62.6,5917
28.8,62.7,5918
28.8,62.8,5919
28.8,62.9,5920
28.8,63,5921
28.8,63.1,5922
28.8,63.2,5923
28.8,63.3,5924
28.8,63.4,5925
28.8,63.5,5926
28.8,63.6,5927
28.8,63.7,5928
28.8,63.8,5929
28.8,63.9,5930
28.8,64,5931
28.8,64.1,5932
28.8,64.2,5933
28.8,64.3,5934
28.8,64.4,5935
28.8,64.5,5936
28.8,64.6,5937
28.8,64.7,5938
28.8,64.8,5939
28.8,64.9,5940
28.8,65,5941
28.8,65.1,5942
28.8,65.2,5943
28.8,65.3,5944
28.8,65.4,5945
28.8,65.5,5946
28.8,65.6,5947
28.8,65.7,5948
28.8,65.8,5949
28.8,65.9,5950
28.8,66,5951
28.8,66.1,5952
28.8,66.2,5953
28.8,66.3,5954
28.8,66.4,5955
28.8,66.5,5956
28.8,66.6,5957
28.8,66.7,5958
28.8,66.8,5959
28.8,66.9,5960
28.8,67,5961
28.8,67.1,5962
28.8,67.2,5963
28.8,67.3,5964
28.8,67.4,5965
28.8,67.5,5966
28.8,67.6,5967
28.8,67.7,5968
28.8,67.8,5969
28.8,67.9,5970
28.8,68,5971
28.8,68.1,5972
28.8,69,5981
28.8,69.1,5982
28.8,69.2,5983
28.8,69.3,5984
28.8,69.4,5985
28.8,69.5,5986
28.8,69.6,5987
28.8,69.7,5988
29,61.2,6023
29,61.3,6024
29,61.4,6025
29,61.5,6026
29,61.6,6027
29,61.7,6028
29,61.8,6029
29,61.9,6030
29,62,6031
29,62.1,6032
29,62.2,6033
29,62.3,6034
29,62.4,6035
29,62.5,6036
29,62.6,6037
29,62.7,6038
29,62.8,6039
29,62.9,6040
29,63,6041
29,63.1,6042
29,63.2,6043
29,63.3,6044
29,63.4,6045
29,63.5,6046
29,63.6,6047
29,63.7,6048
29,63.8,6049
29,63.9,6050
29,64,6051
29,64.1,6052
29,64.2,6053
29,64.3,6054
29,64.4,6055
29,64.5,6056
29,64.6,6057
29,64.7,6058
29,64.8,6059
29,64.9,6060
29,65,6061
29,65.1,6062
29,65.2,6063
29,65.3,6064
29,65.4,6065
29,65.5,6066
29,65.6,6067
29,65.7,6068
29,65.8,6069
29,65.9,6070
29,66,6071
29,66.1,6072
29,66.2,6073
29,66.3,6074
29,66.4,6075
29,66.5,6076
29,66.6,6077
29,66.7,6078
29,66.8,6079
29,66.9,6080
29,67,6081
29,67.1,6082
29,67.2,6083
29,67.3,6084
29,67.4,6085
29,67.5,6086
29,67.6,6087
29,67.7,6088
29,67.8,6089
29,67.9,6090
29,68,6091
29,68.1,6092
29,69.3,6104
29,69.4,6105
29,69.5,6106
29,69.6,6107
29.2,61.3,6144
29.2,61.4,6145
29.2,61.5,6146
29.2,61.6,6147
29.2,61.7,6148
29.2,61.8,6149
29.2,61.9,6150
29.2,62,6151
29.2,62.1,6152
29.2,62.2,6153
29.2,62.3,6154
29.2,62.4,6155
29.2,62.5,6156
29.2,62.6,6157
29.2,62.7,6158
29.2,62.8,6159
29.2,62.9,6160
29.2,63,6161
29.2,63.1,6162
29.2,63.2,6163
29.2,63.3,6164
29.2,63.4,6165
29.2,63.5,6166
29.2,63.6,6167
29.2,63.7,6168
29.2,63.8,6169
29.2,63.9,6170
29.2,64,6171
29.2,64.1,6172
29.2,64.2,6173
29.2,64.3,6174
29.2,64.4,6175
29.2,64.5,6176
29.2,64.6,6177
29.2,64.7,6178
29.2,64.8,6179
29.2,64.9,6180
29.2,65,6181
29.2,65.1,6182
29.2,65.2,6183
29.2,65.3,6184
29.2,65.4,6185
29.2,65.5,6186
29.2,65.6,6187
29.2,65.7,6188
29.2,65.8,6189
29.2,65.9,6190
29.2,66,6191
29.2,66.1,6192
29.2,66.2,6193
29.2,66.3,6194
29.2,66.4,6195
29.2,66.5,6196
29.2,66.6,6197
29.2,66.7,6198
29.2,67.1,6202
29.2,67.2,6203
29.2,67.3,6204
29.2,67.4,6205
29.2,67.5,6206
29.2,67.6,6207
29.2,67.7,6208
29.2,67.8,6209
29.2,67.9,6210
29.2,68,6211
29.2,69.4,6225
29.2,69.5,6226
29.2,69.6,6227
29.4,61.4,6265
29.4,61.5,6266
29.4,61.6,6267
29.4,61.7,6268
29.4,61.8,6269
29.4,61.9,6270
29.4,62,6271
29.4,62.1,6272
29.4,62.2,6273
29.4,62.3,6274
29.4,62.4,6275
29.4,62.5,6276
29.4,62.6,6277
29.4,62.7,6278
29.4,62.8,6279
29.4,62.9,6280
29.4,63,6281
29.4,63.1,6282
29.4,63.2,6283
29.4,63.3,6284
29.4,63.4,6285
29.4,63.5,6286
29.4,63.6,6287
29.4,63.7,6288
29.4,63.8,6289
29.4,63.9,6290
29.4,64,6291
29.4,64.1,6292
29.4,64.2,6293
29.4,64.3,6294
29.4,64.4,6295
29.4,64.5,6296
29.4,64.6,6297
29.4,64.7,6298
29.4,64.8,6299
29.4,64.9,6300
29.4,65,6301
29.4,65.1,6302
29.4,65.2,6303
29.4,65.3,6304
29.4,65.4,6305
29.4,65.5,6306
29.4,65.6,6307
29.4,65.7,6308
29.4,65.8,6309
29.4,65.9,6310
29.4,66,6311
29.4,66.1,6312
29.4,66.2,6313
29.4,66.3,6314
29.4,66.4,6315
29.4,66.5,6316
29.4,67.3,6324
29.4,67.4,6325
29.4,67.5,6326
29.4,67.6,6327
29.4,67.7,6328
29.4,67.8,6329
29.4,67.9,6330
29.4,68,6331
29.6,61.6,6387
29.6,61.7,6388
29.6,61.8,6389
29.6,61.9,6390
29.6,62,6391
29.6,62.1,6392
29.6,62.2,6393
29.6,62.3,6394
29.6,62.4,6395
29.6,62.5,6396
29.6,62.6,6397
29.6,62.7,6398
29.6,62.8,6399
29.6,62.9,6400
29.6,63,6401
29.6,63.1,6402
29.6,63.2,6403
29.6,63.3,6404
29.6,63.4,6405
29.6,63.5,6406
29.6,63.6,6407
29.6,63.7,6408
29.6,63.8,6409
29.6,63.9,6410
29.6,64,6411
29.6,64.1,6412
29.6,64.2,6413
29.6,64.3,6414
29.6,64.4,6415
29.6,64.5,6416
29.6,64.6,6417
29.6,64.7,6418
29.6,64.8,6419
29.6,64.9,6420
29.6,65,6421
29.6,65.1,6422
29.6,65.2,6423
29.6,65.3,6424
29.6,65.4,6425
29.6,65.5,6426
29.6,65.6,6427
29.6,65.7,6428
29.6,65.8,6429
29.6,65.9,6430
29.6,66,6431
29.6,66.1,6432
29.6,66.2,6433
29.6,66.3,6434
29.6,67.4,6445
29.6,67.5,6446
29.6,67.6,6447
29.6,67.7,6448
29.6,67.8,6449
29.8,61.7,6508
29.8,61.8,6509
29.8,61.9,6510
29.8,62,6511
29.8,62.1,6512
29.8,62.2,6513
29.8,62.3,6514
29.8,62.4,6515
29.8,62.5,6516
29.8,62.6,6517
29.8,62.7,6518
29.8,62.8,6519
29.8,62.9,6520
29.8,63,6521
29.8,63.1,6522
29.8,63.2,6523
29.8,63.3,6524
29.8,63.4,6525
29.8,63.5,6526
29.8,63.6,6527
29.8,63.7,6528
29.8,63.8,6529
29.8,63.9,6530
29.8,64,6531
29.8,64.1,6532
29.8,64.2,6533
29.8,64.3,6534
29.8,64.4,6535
29.8,64.5,6536
29.8,64.6,6537
29.8,64.7,6538
29.8,64.8,6539
29.8,65.2,6543
29.8,65.7,6548
29.8,65.8,6549
29.8,65.9,6550
29.8,66,6551
29.8,66.1,6552
29.8,67.5,6566
29.8,67.6,6567
29.8,67.7,6568
30,61.8,6629
30,61.9,6630
30,62,6631
30,62.1,6632
30,62.2,6633
30,62.3,6634
30,62.4,6635
30,62.5,6636
30,62.6,6637
30,62.7,6638
30,62.8,6639
30,62.9,6640
30,63,6641
30,63.1,6642
30,63.2,6643
30,63.3,6644
30,63.4,6645
30,63.5,6646
30,63.6,6647
30,63.7,6648
30,63.8,6649
30,63.9,6650
30,64,6651
30,64.1,6652
30,64.2,6653
30,64.3,6654
30,64.4,6655
30,64.5,6656
30,64.6,6657
30,64.7,6658
30,65.7,6668
30,65.8,6669
30,65.9,6670
30.2,61.9,6750
30.2,62,6751
30.2,62.1,6752
30.2,62.2,6753
30.2,62.3,6754
30.2,62.4,6755
30.2,62.5,6756
30.2,62.6,6757
30.2,62.7,6758
30.2,62.8,6759
30.2,62.9,6760
30.2,63,6761
30.2,63.1,6762
30.2,63.2,6763
30.2,63.3,6764
30.2,63.4,6765
30.2,63.5,6766
30.2,63.6,6767
30.2,63.9,6770
30.2,64,6771
30.2,64.1,6772
30.2,64.2,6773
30.2,64.3,6774
30.4,62.1,6872
30.4,62.2,6873
30.4,62.3,6874
30.4,62.4,6875
30.4,62.5,6876
30.4,62.6,6877
30.4,62.7,6878
30.4,62.8,6879
30.4,62.9,6880
30.4,63,6881
30.4,63.1,6882
30.4,63.2,6883
30.4,63.3,6884
30.4,63.4,6885
30.4,63.5,6886
30.4,64,6891
30.4,64.1,6892
30.4,64.2,6893
30.6,62.2,6993
30.6,62.3,6994
30.6,62.4,6995
30.6,62.5,6996
30.6,62.6,6997
30.6,62.7,6998
30.6,62.8,6999
30.6,62.9,7000
30.6,63,7001
30.6,63.1,7002
30.6,63.2,7003
30.6,63.3,7004
30.6,63.4,7005
30.8,62.3,7114
30.8,62.4,7115
30.8,62.5,7116
30.8,62.6,7117
30.8,62.7,7118
30.8,62.8,7119
30.8,62.9,7120
30.8,63,7121
30.8,63.1,7122
30.8,63.2,7123
30.8,63.3,7124
31,62.4,7235
31,62.5,7236
31,62.6,7237
31,62.7,7238
31,62.8,7239
31,62.9,7240
31,63,7241
31,63.1,7242
31,63.2,7243
31.2,62.5,7356
31.2,62.6,7357
31.2,62.7,7358
31.2,62.8,7359
31.2,62.9,7360
31.2,63,7361
31.2,63.1,7362
31.4,62.8,7479
31.4,62.9,7480
31.4,63,7481